GITM2 log file
## Inputs from UAM.in
# Resart= F
# Eddy coef:   300.000 Eddy P0:     0.005 Eddy P1:     0.001
# Statistical Models Only:  F Apex:  T
# EUV Data:  F
# AMIE: none           
none                                                                                                
# Solar Heating:  T Joule Heating:  T Auroral Heating:  T
# NO Cooling:  T O Cooling:  T
# Conduction:  T Turbulent Conduction:  T
# Pressure Grad:  T Ion Drag:  T Neutral Drag:  T
# Viscosity:  T Coriolis:  T Gravity:  T
# Ion Chemistry:  T Ion Advection:  T Neutral Chemistry:  T
 
#START
   iStep yyyy mm dd hh mm ss  ms      dt min(T) max(T) mean(T) min(VV) max(VV) mean(VV) F107 F107A By Bz Vx HP HPn HPs SubsolarLon SubsolarLat SubsolarVTEC
       2 2017  8 21  0  0  4 896  4.8960    177.13353    905.41277    814.25179     -0.43897      0.59902     -0.08970     80.0     80.0      0.0     -2.0    400.0      1.0      0.0      0.0   3.14124   0.20274  -1.00000
       3 2017  8 21  0  0  9 763  4.8679    177.15046    905.00227    814.07976     -0.81918      1.12356     -0.17612     80.0     80.0      0.0     -2.0    400.0      1.0      0.0      0.0   3.14088   0.20274  -1.00000
       4 2017  8 21  0  0 14 633  4.8698    177.17161    904.63186    813.92028     -1.13116      1.59687     -0.26552     80.0     80.0      0.0     -2.0    400.0      1.0      0.0      0.0   3.14053   0.20274  -1.00000
       5 2017  8 21  0  0 19 506  4.8725    177.20004    904.28408    813.76847     -1.38169      2.04332     -0.35972     80.0     80.0      0.0     -2.0    400.0      1.0      0.0      0.0   3.14017   0.20274  -1.00000
       6 2017  8 21  0  0 24 382  4.8764    177.24322    903.95061    813.62250     -1.57635      2.41107     -0.45916     80.0     80.0      0.0     -2.0    400.0      1.0      0.0      0.0   3.13982   0.20274  -1.00000
       7 2017  8 21  0  0 29 260  4.8781    177.30174    903.62736    813.48167     -1.73641      2.70275     -0.56302     80.0     80.0      0.0     -2.0    400.0      1.0      0.0      0.0   3.13946   0.20274  -1.00000
       8 2017  8 21  0  0 34 134  4.8739    177.36509    903.31249    813.34572     -1.92447      2.95026     -0.67066     80.0     80.0      0.0     -2.0    400.0      1.0      0.0      0.0   3.13911   0.20273  -1.00000
       9 2017  8 21  0  0 39   4  4.8701    177.41674    903.00492    813.21435     -2.14794      3.21788     -0.78256     80.0     80.0      0.0     -2.0    400.0      1.0      0.0      0.0   3.13876   0.20273  -1.00000
      10 2017  8 21  0  0 43 871  4.8672    177.46207    902.70419    813.08753     -2.34483      3.42153     -0.89834     80.0     80.0      0.0     -2.0    400.0      1.0      0.0      0.0   3.13840   0.20273  -1.00000
      11 2017  8 21  0  0 48 737  4.8652    177.51528    902.41012    812.96530     -2.55024      3.54939     -1.01759     80.0     80.0      0.0     -2.0    400.0      1.0      0.0      0.0   3.13805   0.20273  -1.00000
      12 2017  8 21  0  0 53 602  4.8649    177.56168    902.12275    812.84763     -2.75509      3.64737     -1.13994     80.0     80.0      0.0     -2.0    400.0      1.0      0.0      0.0   3.13769   0.20273  -1.00000
      13 2017  8 21  0  0 58 468  4.8663    177.59079    901.84211    812.73448     -2.93426      3.79134     -1.26522     80.0     80.0      0.0     -2.0    400.0      1.0      0.0      0.0   3.13734   0.20273  -1.00000
      14 2017  8 21  0  1  3 337  4.8690    177.60622    901.56812    812.62585     -3.08366      3.89447     -1.39349     80.0     80.0      0.0     -2.0    400.0      1.0      0.0      0.0   3.13699   0.20273  -1.00000
      15 2017  8 21  0  1  8 209  4.8721    177.62382    901.30073    812.52175     -3.26847      4.03958     -1.52448     80.0     80.0      0.0     -2.0    400.0      1.0      0.0      0.0   3.13663   0.20273  -1.00000
      16 2017  8 21  0  1 13  82  4.8733    177.63207    901.04008    812.42227     -3.43062      4.09681     -1.65707     80.0     80.0      0.0     -2.0    400.0      1.0      0.0      0.0   3.13628   0.20273  -1.00000
      17 2017  8 21  0  1 17 949  4.8672    177.62405    900.78679    812.32748     -3.57509      4.29971     -1.79016     80.0     80.0      0.0     -2.0    400.0      1.0      0.0      0.0   3.13592   0.20273  -1.00000
      18 2017  8 21  0  1 22 811  4.8611    177.60471    900.54096    812.23723     -3.75352      4.46889     -1.92393     80.0     80.0      0.0     -2.0    400.0      1.0      0.0      0.0   3.13557   0.20273  -1.00000
      19 2017  8 21  0  1 27 666  4.8557    177.58792    900.30243    812.15138     -3.90524      4.74189     -2.05789     80.0     80.0      0.0     -2.0    400.0      1.0      0.0      0.0   3.13522   0.20273  -1.00000
      20 2017  8 21  0  1 32 518  4.8512    177.57627    900.07075    812.06984     -4.27595      4.91358     -2.19216     80.0     80.0      0.0     -2.0    400.0      1.0      0.0      0.0   3.13486   0.20273  -1.00000
      21 2017  8 21  0  1 37 365  4.8479    177.55172    899.84556    811.99249     -4.59625      5.19409     -2.32581     80.0     80.0      0.0     -2.0    400.0      1.0      0.0      0.0   3.13451   0.20273  -1.00000
      22 2017  8 21  0  1 42 211  4.8453    177.51253    899.62658    811.91928     -5.08851      5.49966     -2.45855     80.0     80.0      0.0     -2.0    400.0      1.0      0.0      0.0   3.13416   0.20273  -1.00000
      23 2017  8 21  0  1 47  54  4.8431    177.47562    899.41368    811.85024     -5.51934      5.86652     -2.59116     80.0     80.0      0.0     -2.0    400.0      1.0      0.0      0.0   3.13381   0.20273  -1.00000
      24 2017  8 21  0  1 51 896  4.8418    177.44995    899.20656    811.78532     -6.23239      6.26064     -2.72063     80.0     80.0      0.0     -2.0    400.0      1.0      0.0      0.0   3.13346   0.20273  -1.00000
      25 2017  8 21  0  1 56 737  4.8415    177.42351    899.00510    811.72450     -6.53467      6.49072     -2.84872     80.0     80.0      0.0     -2.0    400.0      1.0      0.0      0.0   3.13310   0.20273  -1.00000
      26 2017  8 21  0  2  1 579  4.8419    177.38672    898.80878    811.66763     -7.09873      7.05264     -2.97484     80.0     80.0      0.0     -2.0    400.0      1.0      0.0      0.0   3.13275   0.20273  -1.00000
      27 2017  8 21  0  2  6 422  4.8427    177.34938    898.61700    811.61469     -7.56368      7.46544     -3.09762     80.0     80.0      0.0     -2.0    400.0      1.0      0.0      0.0   3.13240   0.20273  -1.00000
      28 2017  8 21  0  2 11 266  4.8440    177.32499    898.42922    811.56577     -8.35273      8.01147     -3.21923     80.0     80.0      0.0     -2.0    400.0      1.0      0.0      0.0   3.13205   0.20273  -1.00000
      29 2017  8 21  0  2 16 112  4.8462    177.31094    898.24489    811.52100     -8.89383      8.57019     -3.33835     80.0     80.0      0.0     -2.0    400.0      1.0      0.0      0.0   3.13169   0.20273  -1.00000
      30 2017  8 21  0  2 20 961  4.8489    177.28935    898.06370    811.48036     -9.17084      8.88791     -3.45178     80.0     80.0      0.0     -2.0    400.0      1.0      0.0      0.0   3.13134   0.20273  -1.00000
      31 2017  8 21  0  2 25 813  4.8519    177.26332    897.88531    811.44383     -9.98390      9.67226     -3.56335     80.0     80.0      0.0     -2.0    400.0      1.0      0.0      0.0   3.13099   0.20273  -1.00000
      32 2017  8 21  0  2 30 668  4.8550    177.24538    897.70891    811.41168    -10.38355     10.25134     -3.67198     80.0     80.0      0.0     -2.0    400.0      1.0      0.0      0.0   3.13064   0.20273  -1.00000
      33 2017  8 21  0  2 35 525  4.8576    177.24049    897.53415    811.38394    -11.47108     10.85077     -3.77496     80.0     80.0      0.0     -2.0    400.0      1.0      0.0      0.0   3.13028   0.20273  -1.00000
      34 2017  8 21  0  2 40 385  4.8600    177.23842    897.36036    811.36096    -11.93445     11.65325     -3.87488     80.0     80.0      0.0     -2.0    400.0      1.0      0.0      0.0   3.12993   0.20273  -1.00000
      35 2017  8 21  0  2 45 248  4.8626    177.23469    897.18695    811.34294    -12.31294     12.13009     -3.96887     80.0     80.0      0.0     -2.0    400.0      1.0      0.0      0.0   3.12958   0.20273  -1.00000
      36 2017  8 21  0  2 50 113  4.8654    177.23054    897.01355    811.33009    -13.11163     12.97668     -4.05752     80.0     80.0      0.0     -2.0    400.0      1.0      0.0      0.0   3.12922   0.20272  -1.00000
      37 2017  8 21  0  2 54 981  4.8681    177.23026    896.83985    811.32287    -13.66749     13.81430     -4.14401     80.0     80.0      0.0     -2.0    400.0      1.0      0.0      0.0   3.12887   0.20272  -1.00000
      38 2017  8 21  0  2 59 852  4.8701    177.23745    896.66534    811.32190    -15.01863     14.28648     -4.22082     80.0     80.0      0.0     -2.0    400.0      1.0      0.0      0.0   3.12851   0.20272  -1.00000
      39 2017  8 21  0  3  4 723  4.8715    177.24833    896.49038    811.32786    -15.54610     15.40523     -4.29112     80.0     80.0      0.0     -2.0    400.0      1.0      0.0      0.0   3.12816   0.20272  -1.00000
      40 2017  8 21  0  3  9 596  4.8725    177.25992    896.31522    811.34134    -15.68057     16.16345     -4.35456     80.0     80.0      0.0     -2.0    400.0      1.0      0.0      0.0   3.12780   0.20272  -1.00000
      41 2017  8 21  0  3 14 469  4.8736    177.27244    896.14033    811.36313    -16.59687     16.82814     -4.40865     80.0     80.0      0.0     -2.0    400.0      1.0      0.0      0.0   3.12745   0.20272  -1.00000
      42 2017  8 21  0  3 19 344  4.8747    177.28545    895.96681    811.39424    -17.31947     18.01456     -4.45671     80.0     80.0      0.0     -2.0    400.0      1.0      0.0      0.0   3.12710   0.20272  -1.00000
      43 2017  8 21  0  3 24 219  4.8753    177.29710    895.79655    811.43603    -19.08823     18.67851     -4.49513     80.0     80.0      0.0     -2.0    400.0      1.0      0.0      0.0   3.12674   0.20272  -1.00000
      44 2017  8 21  0  3 29  94  4.8752    177.30782    895.63229    811.48961    -19.86063     19.61468     -4.51995     80.0     80.0      0.0     -2.0    400.0      1.0      0.0      0.0   3.12639   0.20272  -1.00000
      45 2017  8 21  0  3 33 969  4.8746    177.32054    895.47701    811.55662    -19.36752     20.76521     -4.53614     80.0     80.0      0.0     -2.0    400.0      1.0      0.0      0.0   3.12603   0.20272  -1.00000
      46 2017  8 21  0  3 38 843  4.8739    177.33560    895.33537    811.63863    -20.66482     21.21203     -4.54097     80.0     80.0      0.0     -2.0    400.0      1.0      0.0      0.0   3.12568   0.20272  -1.00000
      47 2017  8 21  0  3 43 716  4.8733    177.34904    895.21317    811.73740    -21.19878     22.58821     -4.53221     80.0     80.0      0.0     -2.0    400.0      1.0      0.0      0.0   3.12532   0.20272  -1.00000
      48 2017  8 21  0  3 48 589  4.8728    177.35792    896.25107    811.85483    -23.57915     23.68676     -4.51310     80.0     80.0      0.0     -2.0    400.0      1.0      0.0      0.0   3.12497   0.20272  -1.00000
      49 2017  8 21  0  3 53 461  4.8720    177.36470    897.94891    811.99299    -24.89091     24.06554     -4.47569     80.0     80.0      0.0     -2.0    400.0      1.0      0.0      0.0   3.12461   0.20272  -1.00000
      50 2017  8 21  0  3 58 332  4.8708    177.37392    899.53246    812.15392    -24.76831     25.66756     -4.42389     80.0     80.0      0.0     -2.0    400.0      1.0      0.0      0.0   3.12426   0.20272  -1.00000
      51 2017  8 21  0  4  3 201  4.8691    177.38589    901.08996    812.33927    -25.35535     26.58530     -4.35769     80.0     80.0      0.0     -2.0    400.0      1.0      0.0      0.0   3.12391   0.20272  -1.00000
      52 2017  8 21  0  4  8  68  4.8673    177.39612    902.79417    812.55052    -26.23584     27.28551     -4.27245     80.0     80.0      0.0     -2.0    400.0      1.0      0.0      0.0   3.12355   0.20272  -1.00000
      53 2017  8 21  0  4 12 934  4.8657    177.40071    904.30258    812.78897    -28.22923     28.89304     -4.17167     80.0     80.0      0.0     -2.0    400.0      1.0      0.0      0.0   3.12320   0.20272  -1.00000
      54 2017  8 21  0  4 17 798  4.8644    177.39944    905.52054    813.05565    -30.50046     29.60412     -4.04944     80.0     80.0      0.0     -2.0    400.0      1.0      0.0      0.0   3.12285   0.20272  -1.00000
      55 2017  8 21  0  4 22 662  4.8634    177.39614    906.99063    813.35021    -31.23243     30.50785     -3.90503     80.0     80.0      0.0     -2.0    400.0      1.0      0.0      0.0   3.12249   0.20272  -1.00000
      56 2017  8 21  0  4 27 524  4.8624    177.39230    908.30328    813.67187    -30.26142     31.98398     -3.74158     80.0     80.0      0.0     -2.0    400.0      1.0      0.0      0.0   3.12214   0.20272  -1.00000
      57 2017  8 21  0  4 32 385  4.8613    177.38806    909.23996    814.01893    -32.24130     32.37021     -3.55865     80.0     80.0      0.0     -2.0    400.0      1.0      0.0      0.0   3.12178   0.20272  -1.00000
      58 2017  8 21  0  4 37 245  4.8602    177.38670    910.48284    814.38856    -32.52806     33.81378     -3.35190     80.0     80.0      0.0     -2.0    400.0      1.0      0.0      0.0   3.12143   0.20272  -1.00000
      59 2017  8 21  0  4 42 105  4.8591    177.38736    911.45882    814.77602    -36.00463     35.15188     -3.12780     80.0     80.0      0.0     -2.0    400.0      1.0      0.0      0.0   3.12108   0.20272  -1.00000
      60 2017  8 21  0  4 46 963  4.8580    177.38317    912.20356    815.17582    -38.09603     35.21548     -2.87718     80.0     80.0      0.0     -2.0    400.0      1.0      0.0      0.0   3.12072   0.20272  -1.00000
      61 2017  8 21  0  4 51 819  4.8569    177.37367    913.15980    815.58024    -38.20383     36.88752     -2.60286     80.0     80.0      0.0     -2.0    400.0      1.0      0.0      0.0   3.12037   0.20272  -1.00000
      62 2017  8 21  0  4 56 675  4.8560    177.36312    913.64540    815.98059    -37.94899     37.97589     -2.31114     80.0     80.0      0.0     -2.0    400.0      1.0      0.0      0.0   3.12002   0.20272  -1.00000
      63 2017  8 21  0  5  0   0  3.3241    177.35589    914.32814    816.24595    -39.43348     37.92224     -2.09793     80.0     80.0      0.0     -2.0    400.0      1.0      0.0      0.0   3.11978   0.20272  -1.00000
