GITM2 log file
## Inputs from UAM.in
# Resart= F
# Eddy coef:   300.000 Eddy P0:     0.005 Eddy P1:     0.001
# Statistical Models Only:  F Apex:  T
# EUV Data:  F
# AMIE: none           
none                                                                                                
# Solar Heating:  T Joule Heating:  T Auroral Heating:  T
# NO Cooling:  T O Cooling:  T
# Conduction:  T Turbulent Conduction:  T
# Pressure Grad:  T Ion Drag:  T Neutral Drag:  T
# Viscosity:  T Coriolis:  T Gravity:  T
# Ion Chemistry:  T Ion Advection:  T Neutral Chemistry:  T
 
#START
   iStep yyyy mm dd hh mm ss  ms      dt min(T) max(T) mean(T) min(VV) max(VV) mean(VV) F107 F107A By Bz Vx HP HPn HPs SubsolarLon SubsolarLat SubsolarVTEC
       2 2002 12 21  0  0  4 239  4.2391    157.61759   1265.15120    962.69824     -0.54583      0.47077     -0.08025    150.0    150.0      0.0     -2.0    400.0      1.0      1.2      0.8   3.14128  -0.40992  46.26908
       3 2002 12 21  0  0  8 433  4.1946    157.64879   1264.86101    962.73169     -1.05750      0.95777     -0.15656    150.0    150.0      0.0     -2.0    400.0      1.0      1.2      0.8   3.14098  -0.40992  46.10231
       4 2002 12 21  0  0 12 633  4.2001    157.65464   1264.56294    962.77871     -1.51635      1.37760     -0.23083    150.0    150.0      0.0     -2.0    400.0      1.0      1.2      0.8   3.14067  -0.40992  46.00457
       5 2002 12 21  0  0 16 839  4.2057    157.64720   1264.26324    962.83427     -1.88595      1.75573     -0.30376    150.0    150.0      0.0     -2.0    400.0      1.0      1.2      0.8   3.14037  -0.40992  45.92106
       6 2002 12 21  0  0 21  49  4.2104    157.62966   1263.96706    962.89564     -2.14888      2.10154     -0.37520    150.0    150.0      0.0     -2.0    400.0      1.0      1.2      0.8   3.14006  -0.40992  45.84111
       7 2002 12 21  0  0 25 264  4.2143    157.62811   1263.67791    962.96134     -2.41976      2.46148     -0.44482    150.0    150.0      0.0     -2.0    400.0      1.0      1.2      0.8   3.13976  -0.40992  45.76469
       8 2002 12 21  0  0 29 481  4.2172    157.64134   1263.39764    963.03036     -2.73731      2.75537     -0.51237    150.0    150.0      0.0     -2.0    400.0      1.0      1.2      0.8   3.13945  -0.40992  45.68840
       9 2002 12 21  0  0 33 699  4.2185    157.66331   1263.12686    963.10199     -3.15444      2.95626     -0.57767    150.0    150.0      0.0     -2.0    400.0      1.0      1.2      0.8   3.13914  -0.40992  45.61488
      10 2002 12 21  0  0 37 917  4.2179    157.66799   1262.86574    963.17572     -3.56560      3.05339     -0.64066    150.0    150.0      0.0     -2.0    400.0      1.0      1.2      0.8   3.13884  -0.40992  45.54139
      11 2002 12 21  0  0 42 136  4.2184    157.66637   1262.61382    963.25121     -3.96040      3.10648     -0.70135    150.0    150.0      0.0     -2.0    400.0      1.0      1.2      0.8   3.13853  -0.40992  45.47060
      12 2002 12 21  0  0 46 352  4.2166    157.67056   1262.37106    963.32817     -4.38264      3.24138     -0.75959    150.0    150.0      0.0     -2.0    400.0      1.0      1.2      0.8   3.13822  -0.40992  45.39985
      13 2002 12 21  0  0 50 565  4.2125    157.68732   1262.13728    963.40633     -4.82067      3.26305     -0.81535    150.0    150.0      0.0     -2.0    400.0      1.0      1.2      0.8   3.13792  -0.40992  45.33164
      14 2002 12 21  0  0 54 773  4.2078    157.70513   1261.91223    963.48547     -5.24783      3.30408     -0.86872    150.0    150.0      0.0     -2.0    400.0      1.0      1.2      0.8   3.13761  -0.40992  45.26345
      15 2002 12 21  0  0 58 976  4.2032    157.70861   1261.69572    963.56545     -5.65285      3.34498     -0.91971    150.0    150.0      0.0     -2.0    400.0      1.0      1.2      0.8   3.13730  -0.40992  45.19773
      16 2002 12 21  0  1  3 175  4.1988    157.70478   1261.48772    963.64616     -6.02702      3.42027     -0.96835    150.0    150.0      0.0     -2.0    400.0      1.0      1.2      0.8   3.13700  -0.40992  45.13196
      17 2002 12 21  0  1  7 369  4.1943    157.70108   1261.28830    963.72754     -6.36331      3.53499     -1.01454    150.0    150.0      0.0     -2.0    400.0      1.0      1.2      0.8   3.13669  -0.40992  45.06873
      18 2002 12 21  0  1 11 558  4.1895    157.70216   1261.09755    963.80942     -6.86781      3.56057     -1.05840    150.0    150.0      0.0     -2.0    400.0      1.0      1.2      0.8   3.13639  -0.40992  45.00541
      19 2002 12 21  0  1 15 743  4.1844    157.70791   1260.91557    963.89171     -7.38249      3.75115     -1.09977    150.0    150.0      0.0     -2.0    400.0      1.0      1.2      0.8   3.13608  -0.40992  44.94416
      20 2002 12 21  0  1 19 923  4.1798    157.70748   1260.74237    963.97427     -7.87771      3.80778     -1.13875    150.0    150.0      0.0     -2.0    400.0      1.0      1.2      0.8   3.13578  -0.40992  44.88256
      21 2002 12 21  0  1 24  99  4.1760    157.69850   1260.57803    964.05708     -8.35392      3.83998     -1.17532    150.0    150.0      0.0     -2.0    400.0      1.0      1.2      0.8   3.13548  -0.40992  44.82290
      22 2002 12 21  0  1 28 271  4.1728    157.68714   1260.62826    964.14005     -8.91386      4.13840     -1.20951    150.0    150.0      0.0     -2.0    400.0      1.0      1.2      0.8   3.13517  -0.40992  44.76301
      23 2002 12 21  0  1 32 442  4.1701    157.68099   1260.73950    964.22310     -9.48274      4.54524     -1.24123    150.0    150.0      0.0     -2.0    400.0      1.0      1.2      0.8   3.13487  -0.40992  44.70498
      24 2002 12 21  0  1 36 610  4.1680    157.68047   1260.85304    964.30617    -10.03394      4.95599     -1.27055    150.0    150.0      0.0     -2.0    400.0      1.0      1.2      0.8   3.13457  -0.40992  44.64664
      25 2002 12 21  0  1 40 776  4.1663    157.67966   1260.96462    964.38919    -10.55948      5.39517     -1.29748    150.0    150.0      0.0     -2.0    400.0      1.0      1.2      0.8   3.13426  -0.40992  44.59008
      26 2002 12 21  0  1 44 941  4.1654    157.67160   1261.07805    964.47207    -11.05616      5.86041     -1.32196    150.0    150.0      0.0     -2.0    400.0      1.0      1.2      0.8   3.13396  -0.40992  44.53317
      27 2002 12 21  0  1 49 106  4.1652    157.65710   1261.18970    964.55476    -11.58639      6.33293     -1.34410    150.0    150.0      0.0     -2.0    400.0      1.0      1.2      0.8   3.13366  -0.40992  44.47793
      28 2002 12 21  0  1 53 272  4.1655    157.64623   1261.30253    964.63721    -12.14627      6.80976     -1.36387    150.0    150.0      0.0     -2.0    400.0      1.0      1.2      0.8   3.13336  -0.40992  44.42228
      29 2002 12 21  0  1 57 438  4.1659    157.64338   1261.42137    964.71933    -12.67124      7.28746     -1.38116    150.0    150.0      0.0     -2.0    400.0      1.0      1.2      0.8   3.13305  -0.40992  44.36828
      30 2002 12 21  0  2  1 604  4.1665    157.64149   1261.58146    964.80105    -13.16425      7.76446     -1.39611    150.0    150.0      0.0     -2.0    400.0      1.0      1.2      0.8   3.13275  -0.40992  44.31383
      31 2002 12 21  0  2  5 772  4.1673    157.63442   1261.73730    964.88233    -13.73271      8.29542     -1.40866    150.0    150.0      0.0     -2.0    400.0      1.0      1.2      0.8   3.13245  -0.40992  44.26118
      32 2002 12 21  0  2  9 940  4.1688    157.62495   1261.89921    964.96310    -14.33182      8.83512     -1.41901    150.0    150.0      0.0     -2.0    400.0      1.0      1.2      0.8   3.13214  -0.40992  44.20877
      33 2002 12 21  0  2 14 111  4.1702    157.61931   1262.06095    965.04330    -14.90429      9.37664     -1.42701    150.0    150.0      0.0     -2.0    400.0      1.0      1.2      0.8   3.13184  -0.40992  44.15771
      34 2002 12 21  0  2 18 282  4.1718    157.61846   1262.22621    965.12286    -15.44123      9.91761     -1.43275    150.0    150.0      0.0     -2.0    400.0      1.0      1.2      0.8   3.13154  -0.40992  44.10604
      35 2002 12 21  0  2 22 456  4.1734    157.61819   1262.39637    965.20172    -15.94168     10.46760     -1.43620    150.0    150.0      0.0     -2.0    400.0      1.0      1.2      0.8   3.13123  -0.40992  44.05571
      36 2002 12 21  0  2 26 631  4.1750    157.61629   1262.56068    965.27981    -16.43852     11.06900     -1.43744    150.0    150.0      0.0     -2.0    400.0      1.0      1.2      0.8   3.13093  -0.40992  44.00475
      37 2002 12 21  0  2 30 807  4.1766    157.61246   1262.72214    965.35710    -17.09441     11.67512     -1.43648    150.0    150.0      0.0     -2.0    400.0      1.0      1.2      0.8   3.13063  -0.40992  43.95517
      38 2002 12 21  0  2 34 986  4.1781    157.61047   1262.88945    965.43351    -17.76412     12.28441     -1.43338    150.0    150.0      0.0     -2.0    400.0      1.0      1.2      0.8   3.13032  -0.40992  43.90498
      39 2002 12 21  0  2 39 165  4.1795    157.61153   1263.06012    965.50900    -18.39600     12.89042     -1.42827    150.0    150.0      0.0     -2.0    400.0      1.0      1.2      0.8   3.13002  -0.40992  43.85618
      40 2002 12 21  0  2 43 346  4.1806    157.61511   1263.23450    965.58353    -18.98021     13.53924     -1.42109    150.0    150.0      0.0     -2.0    400.0      1.0      1.2      0.8   3.12971  -0.40992  43.80678
      41 2002 12 21  0  2 47 527  4.1816    157.61744   1263.40475    965.65705    -19.55524     14.21134     -1.41185    150.0    150.0      0.0     -2.0    400.0      1.0      1.2      0.8   3.12941  -0.40992  43.75877
      42 2002 12 21  0  2 51 710  4.1826    157.61715   1263.57540    965.72951    -20.27914     14.88402     -1.40085    150.0    150.0      0.0     -2.0    400.0      1.0      1.2      0.8   3.12911  -0.40992  43.71016
      43 2002 12 21  0  2 55 894  4.1837    157.61783   1263.74388    965.80086    -20.97277     15.56729     -1.38804    150.0    150.0      0.0     -2.0    400.0      1.0      1.2      0.8   3.12880  -0.40992  43.66294
      44 2002 12 21  0  3  0  78  4.1848    157.62048   1263.90934    965.87108    -21.61903     16.30105     -1.37345    150.0    150.0      0.0     -2.0    400.0      1.0      1.2      0.8   3.12850  -0.40992  43.61511
      45 2002 12 21  0  3  4 264  4.1859    157.62328   1264.08483    965.94015    -22.21383     17.03592     -1.35724    150.0    150.0      0.0     -2.0    400.0      1.0      1.2      0.8   3.12819  -0.40992  43.56868
      46 2002 12 21  0  3  8 451  4.1869    157.62432   1264.25389    966.00801    -22.94280     17.76804     -1.33943    150.0    150.0      0.0     -2.0    400.0      1.0      1.2      0.8   3.12789  -0.40992  43.52163
      47 2002 12 21  0  3 12 639  4.1875    157.62415   1264.41451    966.07466    -23.69228     18.49292     -1.31999    150.0    150.0      0.0     -2.0    400.0      1.0      1.2      0.8   3.12758  -0.40992  43.47599
      48 2002 12 21  0  3 16 827  4.1879    157.62613   1264.57256    966.14004    -24.39957     19.20739     -1.29920    150.0    150.0      0.0     -2.0    400.0      1.0      1.2      0.8   3.12728  -0.40992  43.42987
      49 2002 12 21  0  3 21  15  4.1882    157.63107   1264.73126    966.20413    -25.05439     19.90822     -1.27705    150.0    150.0      0.0     -2.0    400.0      1.0      1.2      0.8   3.12697  -0.40992  43.38505
      50 2002 12 21  0  3 25 203  4.1883    157.63538   1264.88385    966.26693    -25.65380     20.60526     -1.25369    150.0    150.0      0.0     -2.0    400.0      1.0      1.2      0.8   3.12667  -0.40992  43.33968
      51 2002 12 21  0  3 29 392  4.1883    157.63662   1265.03260    966.32844    -26.39796     21.36489     -1.22913    150.0    150.0      0.0     -2.0    400.0      1.0      1.2      0.8   3.12637  -0.40992  43.29560
      52 2002 12 21  0  3 33 580  4.1884    157.63560   1265.17693    966.38866    -27.18199     22.11946     -1.20335    150.0    150.0      0.0     -2.0    400.0      1.0      1.2      0.8   3.12606  -0.40992  43.25093
      53 2002 12 21  0  3 37 768  4.1885    157.63542   1265.31698    966.44763    -27.91859     22.89414     -1.17649    150.0    150.0      0.0     -2.0    400.0      1.0      1.2      0.8   3.12576  -0.40992  43.20756
      54 2002 12 21  0  3 41 957  4.1887    157.63666   1265.44657    966.50540    -28.59565     23.68975     -1.14855    150.0    150.0      0.0     -2.0    400.0      1.0      1.2      0.8   3.12545  -0.40992  43.16358
      55 2002 12 21  0  3 46 146  4.1890    157.63740   1265.56942    966.56206    -29.25820     24.47889     -1.11959    150.0    150.0      0.0     -2.0    400.0      1.0      1.2      0.8   3.12515  -0.40992  43.12089
      56 2002 12 21  0  3 50 335  4.1891    157.63618   1265.68096    966.61770    -30.11192     25.25710     -1.08975    150.0    150.0      0.0     -2.0    400.0      1.0      1.2      0.8   3.12484  -0.40992  43.07757
      57 2002 12 21  0  3 54 524  4.1890    157.63386   1265.78681    966.67246    -30.92502     26.02006     -1.05908    150.0    150.0      0.0     -2.0    400.0      1.0      1.2      0.8   3.12454  -0.40992  43.03555
      58 2002 12 21  0  3 58 713  4.1887    157.63123   1265.88549    966.72652    -31.68211     26.76456     -1.02746    150.0    150.0      0.0     -2.0    400.0      1.0      1.2      0.8   3.12423  -0.40992  42.99288
      59 2002 12 21  0  4  2 901  4.1881    157.62940   1265.96982    966.78012    -32.37534     27.48939     -0.99491    150.0    150.0      0.0     -2.0    400.0      1.0      1.2      0.8   3.12393  -0.40992  42.95150
      60 2002 12 21  0  4  7  89  4.1875    157.62796   1266.03248    966.83353    -33.09264     28.22122     -0.96149    150.0    150.0      0.0     -2.0    400.0      1.0      1.2      0.8   3.12362  -0.40992  42.90918
      61 2002 12 21  0  4 11 276  4.1871    157.62670   1266.08273    966.88711    -33.99402     29.08574     -0.92711    150.0    150.0      0.0     -2.0    400.0      1.0      1.2      0.8   3.12332  -0.40992  42.86738
      62 2002 12 21  0  4 15 463  4.1868    157.62511   1266.12173    966.94124    -34.84795     29.94336     -0.89164    150.0    150.0      0.0     -2.0    400.0      1.0      1.2      0.8   3.12301  -0.40992  42.82515
      63 2002 12 21  0  4 19 649  4.1865    157.62242   1266.53385    966.99641    -35.63615     30.79246     -0.85528    150.0    150.0      0.0     -2.0    400.0      1.0      1.2      0.8   3.12271  -0.40992  42.78413
      64 2002 12 21  0  4 23 835  4.1863    157.61831   1267.77777    967.05315    -36.35479     31.63199     -0.81802    150.0    150.0      0.0     -2.0    400.0      1.0      1.2      0.8   3.12241  -0.40992  42.74267
      65 2002 12 21  0  4 28  22  4.1860    157.61438   1269.71083    967.11207    -37.25368     32.45860     -0.77953    150.0    150.0      0.0     -2.0    400.0      1.0      1.2      0.8   3.12210  -0.40992  42.70244
      66 2002 12 21  0  4 32 207  4.1856    157.61087   1271.44726    967.17383    -38.20194     33.26778     -0.73979    150.0    150.0      0.0     -2.0    400.0      1.0      1.2      0.8   3.12180  -0.40992  42.66169
      67 2002 12 21  0  4 36 392  4.1851    157.60728   1272.83167    967.23917    -39.09097     34.05491     -0.69853    150.0    150.0      0.0     -2.0    400.0      1.0      1.2      0.8   3.12149  -0.40992  42.62213
      68 2002 12 21  0  4 40 577  4.1845    157.60333   1273.81280    967.30886    -39.90656     34.92100     -0.65572    150.0    150.0      0.0     -2.0    400.0      1.0      1.2      0.8   3.12119  -0.40992  42.58197
      69 2002 12 21  0  4 44 761  4.1839    157.60028   1275.15829    967.38369    -40.64655     35.80714     -0.61130    150.0    150.0      0.0     -2.0    400.0      1.0      1.2      0.8   3.12088  -0.40992  42.54294
      70 2002 12 21  0  4 48 944  4.1833    157.59860   1276.73464    967.46452    -41.65119     36.67716     -0.56499    150.0    150.0      0.0     -2.0    400.0      1.0      1.2      0.8   3.12058  -0.40992  42.50337
      71 2002 12 21  0  4 53 127  4.1828    157.59703   1277.90507    967.55219    -42.65337     37.53376     -0.51665    150.0    150.0      0.0     -2.0    400.0      1.0      1.2      0.8   3.12028  -0.40992  42.46494
      72 2002 12 21  0  4 57 309  4.1825    157.59498   1278.61637    967.64748    -43.58818     38.37425     -0.46622    150.0    150.0      0.0     -2.0    400.0      1.0      1.2      0.8   3.11997  -0.40992  42.42575
      73 2002 12 21  0  5  0   0  2.6903    157.59475   1279.14822    967.70930    -44.10155     38.90556     -0.43159    150.0    150.0      0.0     -2.0    400.0      1.0      1.2      0.8   3.11978  -0.40992  42.40132
