60

  1.700000e+01    2.000000e+01    2.500000e+01    3.000000e+01    3.500000e+01
  4.000000e+01    4.500000e+01    5.000000e+01    5.500000e+01    6.000000e+01
  6.500000e+01    7.000000e+01    7.500000e+01    8.000000e+01    8.500000e+01
  9.000000e+01    9.500000e+01    1.000000e+02    1.100000e+02    1.200000e+02
  1.400000e+02    1.600000e+02    1.800000e+02    2.000000e+02    2.250000e+02
  2.500000e+02    2.750000e+02    3.000000e+02    3.500000e+02    4.000000e+02
  4.500000e+02    5.000000e+02    5.500000e+02    6.000000e+02    6.500000e+02
  7.000000e+02    7.500000e+02    8.000000e+02    8.500000e+02    9.000000e+02
  9.500000e+02    1.000000e+03
  1.50000000e+03   1.75000000e+03   2.00000000e+03   2.50000000e+03
  3.00000000e+03   4.00000000e+03   5.00000000e+03   7.50000000e+03
  1.00000000e+04   2.00000000e+04   3.00000000e+04   4.00000000e+04
  5.00000000e+04   6.00000000e+04   7.00000000e+04   8.00000000e+04
  9.00000000e+04   1.00000000e+05

  2.200000e-18    2.020000e-17    5.300000e-17    9.290000e-17    1.160000e-16
  1.370000e-16    1.520000e-16    1.600000e-16    1.660000e-16    1.720000e-16
  1.740000e-16    1.780000e-16    1.800000e-16    1.810000e-16    1.820000e-16
  1.830000e-16    1.850000e-16    1.850000e-16    1.830000e-16    1.810000e-16
  1.780000e-16    1.720000e-16    1.670000e-16    1.610000e-16    1.550000e-16
  1.480000e-16    1.410000e-16    1.370000e-16    1.280000e-16    1.200000e-16
  1.110000e-16    1.050000e-16    9.980000e-17    9.430000e-17    8.800000e-17
  8.440000e-17    7.960000e-17    7.650000e-17    7.380000e-17    7.190000e-17
  6.980000e-17    6.760000e-17
  4.97791020e-17   4.43160862e-17   4.00150803e-17   3.36513016e-17
  2.91472950e-17   2.31537007e-17   1.93173177e-17   1.38305441e-17
  1.08749499e-17   6.03648481e-18   4.25612421e-18   3.31502383e-18
  2.72815115e-18   2.32522909e-18   2.03053654e-18   1.80511026e-18
  1.62679026e-18   1.48201456e-18

