RhoExtraEP(R)
 1   0.0000000 1 0 3
1280
R Rho ExtraE P
  6.6124000e+08  7.4597616e+00  1.0514806e+10  2.7494857e+10
  6.6132154e+08  7.4294767e+00  1.0470510e+10  2.7310604e+10
  6.6140307e+08  7.3991351e+00  1.0426113e+10  2.7127233e+10
  6.6148467e+08  7.3689604e+00  1.0383995e+10  2.6944252e+10
  6.6156621e+08  7.3388972e+00  1.0341938e+10  2.6762418e+10
  6.6164781e+08  7.3088903e+00  1.0299857e+10  2.6581236e+10
  6.6172934e+08  7.2789669e+00  1.0257788e+10  2.6400864e+10
  6.6181088e+08  7.2491069e+00  1.0215708e+10  2.6221261e+10
  6.6189248e+08  7.2192988e+00  1.0173603e+10  2.6042442e+10
  6.6197402e+08  7.1895313e+00  1.0131463e+10  2.5864403e+10
  6.6205555e+08  7.1598010e+00  1.0089281e+10  2.5687144e+10
  6.6213715e+08  7.1301103e+00  1.0047057e+10  2.5510664e+10
  6.6221875e+08  7.1004586e+00  1.0004794e+10  2.5334954e+10
  6.6230029e+08  7.0708542e+00  9.9625001e+09  2.5160034e+10
  6.6238182e+08  7.0412846e+00  9.9201208e+09  2.4985852e+10
  6.6246342e+08  7.0117273e+00  9.8772879e+09  2.4812493e+10
  6.6254496e+08  6.9822097e+00  9.8344151e+09  2.4639863e+10
  6.6262656e+08  6.9527421e+00  9.7915197e+09  2.4468027e+10
  6.6270810e+08  6.9233184e+00  9.7485896e+09  2.4296954e+10
  6.6278963e+08  6.8939381e+00  9.7056266e+09  2.4126642e+10
  6.6287123e+08  6.8645916e+00  9.6626145e+09  2.3957051e+10
  6.6295277e+08  6.8353839e+00  9.6203571e+09  2.3788366e+10
  6.6303430e+08  6.8063426e+00  9.5796705e+09  2.3620241e+10
  6.6311590e+08  6.7773657e+00  9.5389839e+09  2.3453045e+10
  6.6319744e+08  6.7484083e+00  9.4982380e+09  2.3286528e+10
  6.6327904e+08  6.7194853e+00  9.4574500e+09  2.3120777e+10
  6.6336058e+08  6.6905918e+00  9.4166139e+09  2.2955772e+10
  6.6344218e+08  6.6617270e+00  9.3757307e+09  2.2791518e+10
  6.6352371e+08  6.6328945e+00  9.3347994e+09  2.2628024e+10
  6.6360531e+08  6.6040802e+00  9.2937523e+09  2.2465253e+10
  6.6368685e+08  6.5752683e+00  9.2523264e+09  2.2303269e+10
  6.6376838e+08  6.5464826e+00  9.2108503e+09  2.2141999e+10
  6.6384998e+08  6.5177321e+00  9.1693353e+09  2.1981493e+10
  6.6393152e+08  6.4890137e+00  9.1277752e+09  2.1821727e+10
  6.6401306e+08  6.4603310e+00  9.0861732e+09  2.1662710e+10
  6.6409466e+08  6.4316835e+00  9.0445281e+09  2.1504430e+10
  6.6417619e+08  6.4030757e+00  9.0028462e+09  2.1346902e+10
  6.6425773e+08  6.3745003e+00  8.9611131e+09  2.1190083e+10
  6.6433933e+08  6.3459725e+00  8.9193513e+09  2.1034039e+10
  6.6442093e+08  6.3176026e+00  8.8786770e+09  2.0878733e+10
  6.6450246e+08  6.2893968e+00  8.8392161e+09  2.0724115e+10
  6.6458406e+08  6.2612453e+00  8.7997389e+09  2.0570284e+10
  6.6466560e+08  6.2331343e+00  8.7602248e+09  2.0417157e+10
  6.6474714e+08  6.2050667e+00  8.7206769e+09  2.0264743e+10
  6.6482874e+08  6.1770172e+00  8.6807962e+09  2.0113070e+10
  6.6491027e+08  6.1489973e+00  8.6407158e+09  1.9962114e+10
  6.6499181e+08  6.1210270e+00  8.6006159e+09  1.9811877e+10
  6.6507341e+08  6.0931082e+00  8.5604966e+09  1.9662365e+10
  6.6515494e+08  6.0652404e+00  8.5203574e+09  1.9513569e+10
  6.6523648e+08  6.0374246e+00  8.4801981e+09  1.9365489e+10
  6.6531808e+08  6.0096607e+00  8.4400169e+09  1.9218127e+10
  6.6539968e+08  5.9819489e+00  8.3998157e+09  1.9071474e+10
  6.6548122e+08  5.9542880e+00  8.3595904e+09  1.8925531e+10
  6.6556282e+08  5.9266806e+00  8.3193441e+09  1.8780305e+10
  6.6564435e+08  5.8991208e+00  8.2790671e+09  1.8635764e+10
  6.6572589e+08  5.8716125e+00  8.2387666e+09  1.8491933e+10
  6.6580749e+08  5.8442721e+00  8.1994368e+09  1.8348870e+10
  6.6588902e+08  5.8171010e+00  8.1613645e+09  1.8206394e+10
  6.6597056e+08  5.7899632e+00  8.1229619e+09  1.8064730e+10
  6.6605216e+08  5.7628455e+00  8.0843638e+09  1.7923715e+10
  6.6613370e+08  5.7357745e+00  8.0457452e+09  1.7783396e+10
  6.6621523e+08  5.7087493e+00  8.0071081e+09  1.7643772e+10
  6.6629683e+08  5.6817684e+00  7.9684480e+09  1.7504842e+10
  6.6637837e+08  5.6548300e+00  7.9297618e+09  1.7366602e+10
  6.6645997e+08  5.6279321e+00  7.8910479e+09  1.7229052e+10
  6.6654157e+08  5.6010737e+00  7.8523039e+09  1.7092192e+10
  6.6662310e+08  5.5742521e+00  7.8135255e+09  1.6956018e+10
  6.6670464e+08  5.5474663e+00  7.7747113e+09  1.6820532e+10
  6.6678624e+08  5.5207133e+00  7.7358572e+09  1.6685730e+10
  6.6686778e+08  5.4939942e+00  7.6969626e+09  1.6551615e+10
  6.6694931e+08  5.4673018e+00  7.6580168e+09  1.6418174e+10
  6.6703091e+08  5.4405990e+00  7.6188099e+09  1.6285324e+10
  6.6711245e+08  5.4139709e+00  7.5795466e+09  1.6153443e+10
  6.6719398e+08  5.3875079e+00  7.5420298e+09  1.6021861e+10
  6.6727558e+08  5.3611283e+00  7.5045576e+09  1.5891246e+10
  6.6735712e+08  5.3347483e+00  7.4670116e+09  1.5761189e+10
  6.6743872e+08  5.3083968e+00  7.4294282e+09  1.5631826e+10
  6.6752032e+08  5.2820654e+00  7.3917967e+09  1.5503122e+10
  6.6760186e+08  5.2557573e+00  7.3541197e+09  1.5375095e+10
  6.6768339e+08  5.2294731e+00  7.3163981e+09  1.5247740e+10
  6.6776499e+08  5.2032084e+00  7.2786243e+09  1.5121044e+10
  6.6784653e+08  5.1769681e+00  7.2408023e+09  1.4995017e+10
  6.6792806e+08  5.1507540e+00  7.2029348e+09  1.4869671e+10
  6.6800966e+08  5.1245604e+00  7.1650109e+09  1.4744971e+10
  6.6809120e+08  5.0983605e+00  7.1267297e+09  1.4620951e+10
  6.6817274e+08  5.0721684e+00  7.0882237e+09  1.4497606e+10
  6.6825434e+08  5.0459952e+00  7.0496635e+09  1.4374866e+10
  6.6833587e+08  5.0198770e+00  7.0111012e+09  1.4252900e+10
  6.6841741e+08  4.9939198e+00  6.9737595e+09  1.4131484e+10
  6.6849901e+08  4.9681029e+00  6.9371837e+09  1.4010796e+10
  6.6858061e+08  4.9423165e+00  6.9005732e+09  1.3890745e+10
  6.6866214e+08  4.9165649e+00  6.8639309e+09  1.3771339e+10
  6.6874374e+08  4.8908520e+00  6.8272620e+09  1.3652590e+10
  6.6882528e+08  4.8651786e+00  6.7905654e+09  1.3534490e+10
  6.6890682e+08  4.8395448e+00  6.7538401e+09  1.3417037e+10
  6.6898842e+08  4.8139558e+00  6.7170924e+09  1.3300246e+10
  6.6906995e+08  4.7883921e+00  6.6802232e+09  1.3184066e+10
  6.6915149e+08  4.7628293e+00  6.6428800e+09  1.3068585e+10
  6.6923309e+08  4.7373042e+00  6.6055091e+09  1.2953705e+10
  6.6931462e+08  4.7118316e+00  6.5681300e+09  1.2839485e+10
  6.6939616e+08  4.6864095e+00  6.5307397e+09  1.2725919e+10
  6.6947776e+08  4.6610150e+00  6.4933012e+09  1.2612889e+10
  6.6955930e+08  4.6357317e+00  6.4559375e+09  1.2500766e+10
  6.6964090e+08  4.6106529e+00  6.4203300e+09  1.2388936e+10
  6.6972250e+08  4.5856977e+00  6.3849180e+09  1.2277998e+10
  6.6980403e+08  4.5607710e+00  6.3494646e+09  1.2167591e+10
  6.6988557e+08  4.5358963e+00  6.3140019e+09  1.2057820e+10
  6.6996717e+08  4.5110741e+00  6.2785306e+09  1.1948686e+10
  6.7004870e+08  4.4862857e+00  6.2429722e+09  1.1840134e+10
  6.7013024e+08  4.4614954e+00  6.2068797e+09  1.1732270e+10
  6.7021184e+08  4.4367423e+00  6.1707648e+09  1.1624974e+10
  6.7029338e+08  4.4120483e+00  6.1346545e+09  1.1518329e+10
  6.7037491e+08  4.3874035e+00  6.0985354e+09  1.1412295e+10
  6.7045651e+08  4.3628068e+00  6.0624056e+09  1.1306875e+10
  6.7053805e+08  4.3382626e+00  6.0262707e+09  1.1202086e+10
  6.7061965e+08  4.3137450e+00  5.9900918e+09  1.1097823e+10
  6.7070125e+08  4.2893276e+00  5.9539763e+09  1.0994400e+10
  6.7078278e+08  4.2651010e+00  5.9194163e+09  1.0891304e+10
  6.7086432e+08  4.2409983e+00  5.8851405e+09  1.0789037e+10
  6.7094592e+08  4.2169137e+00  5.8508160e+09  1.0687274e+10
  6.7102746e+08  4.1928296e+00  5.8161582e+09  1.0586135e+10
  6.7110899e+08  4.1687479e+00  5.7811840e+09  1.0485603e+10
  6.7119059e+08  4.1447005e+00  5.7461944e+09  1.0385660e+10
  6.7127213e+08  4.1206942e+00  5.7111956e+09  1.0286328e+10
  6.7135366e+08  4.0967216e+00  5.6761795e+09  1.0187591e+10
  6.7143526e+08  4.0727849e+00  5.6411459e+09  1.0089457e+10
  6.7151680e+08  4.0488801e+00  5.6060902e+09  9.9919165e+09
  6.7159840e+08  4.0250092e+00  5.5710141e+09  9.8949816e+09
  6.7168000e+08  4.0011625e+00  5.5359017e+09  9.7986171e+09
  6.7176154e+08  3.9773550e+00  5.5007749e+09  9.7028813e+09
  6.7184307e+08  3.9536831e+00  5.4664494e+09  9.6077261e+09
  6.7192467e+08  3.9301305e+00  5.4328253e+09  9.5131259e+09
  6.7200621e+08  3.9065607e+00  5.3987313e+09  9.4191852e+09
  6.7208774e+08  3.8830051e+00  5.3646024e+09  9.3257748e+09
  6.7216934e+08  3.8594863e+00  5.3304689e+09  9.2329769e+09
  6.7225088e+08  3.8359952e+00  5.2963154e+09  9.1407534e+09
  6.7233242e+08  3.8125358e+00  5.2621471e+09  9.0491177e+09
  6.7241402e+08  3.7891071e+00  5.2279598e+09  8.9580626e+09
  6.7249555e+08  3.7657120e+00  5.1937562e+09  8.8675932e+09
  6.7257715e+08  3.7423494e+00  5.1595320e+09  8.7776973e+09
  6.7265869e+08  3.7190256e+00  5.1252961e+09  8.6883994e+09
  6.7274029e+08  3.6957223e+00  5.0910182e+09  8.5996165e+09
  6.7282182e+08  3.6724532e+00  5.0565002e+09  8.5115372e+09
  6.7290342e+08  3.6493204e+00  5.0228634e+09  8.4238976e+09
  6.7298496e+08  3.6263072e+00  4.9896315e+09  8.3369262e+09
  6.7306650e+08  3.6033304e+00  4.9563914e+09  8.2504919e+09
  6.7314810e+08  3.5803995e+00  4.9231565e+09  8.1646264e+09
  6.7322963e+08  3.5575173e+00  4.8899272e+09  8.0793288e+09
  6.7331117e+08  3.5346842e+00  4.8567030e+09  7.9945958e+09
  6.7339277e+08  3.5119021e+00  4.8234844e+09  7.9104271e+09
  6.7347430e+08  3.4891698e+00  4.7902684e+09  7.8268165e+09
  6.7355590e+08  3.4664979e+00  4.7570683e+09  7.7437926e+09
  6.7363744e+08  3.4438620e+00  4.7238292e+09  7.6612782e+09
  6.7371898e+08  3.4211931e+00  4.6899620e+09  7.5793382e+09
  6.7380058e+08  3.3986046e+00  4.6561475e+09  7.4980403e+09
  6.7388218e+08  3.3762014e+00  4.6234271e+09  7.4171694e+09
  6.7396371e+08  3.3539455e+00  4.5912161e+09  7.3369436e+09
  6.7404525e+08  3.3317363e+00  4.5590154e+09  7.2572380e+09
  6.7412685e+08  3.3095798e+00  4.5268311e+09  7.1780746e+09
  6.7420838e+08  3.2874773e+00  4.4946642e+09  7.0994570e+09
  6.7428992e+08  3.2654226e+00  4.4625075e+09  7.0213780e+09
  6.7437152e+08  3.2434278e+00  4.4303749e+09  6.9438720e+09
  6.7445306e+08  3.2214630e+00  4.3982172e+09  6.8668467e+09
  6.7453466e+08  3.1994658e+00  4.3654216e+09  6.7904358e+09
  6.7461619e+08  3.1774995e+00  4.3326193e+09  6.7145047e+09
  6.7469773e+08  3.1555803e+00  4.2998333e+09  6.6391137e+09
  6.7477933e+08  3.1337771e+00  4.2673664e+09  6.5643704e+09
  6.7486093e+08  3.1121428e+00  4.2360202e+09  6.4899825e+09
  6.7494246e+08  3.0905910e+00  4.2047485e+09  6.4162708e+09
  6.7502400e+08  3.0690594e+00  4.1734612e+09  6.3430236e+09
  6.7510560e+08  3.0475698e+00  4.1421898e+09  6.2703304e+09
  6.7518714e+08  3.0261116e+00  4.1109169e+09  6.1981466e+09
  6.7526867e+08  3.0046511e+00  4.0794173e+09  6.1264819e+09
  6.7535027e+08  2.9831626e+00  4.0474644e+09  6.0553764e+09
  6.7543181e+08  2.9617004e+00  4.0155113e+09  5.9847613e+09
  6.7551341e+08  2.9402823e+00  3.9835820e+09  5.9146947e+09
  6.7559494e+08  2.9188881e+00  3.9516454e+09  5.8451098e+09
  6.7567648e+08  2.8976097e+00  3.9200625e+09  5.7761526e+09
  6.7575808e+08  2.8764870e+00  3.8894810e+09  5.7075594e+09
  6.7583962e+08  2.8554358e+00  3.8589632e+09  5.6395914e+09
  6.7592122e+08  2.8344195e+00  3.8284562e+09  5.5721339e+09
  6.7600275e+08  2.8134284e+00  3.7979420e+09  5.5051428e+09
  6.7608435e+08  2.7923961e+00  3.7668536e+09  5.4387144e+09
  6.7616589e+08  2.7713838e+00  3.7356856e+09  5.3727636e+09
  6.7624742e+08  2.7504234e+00  3.7045540e+09  5.3073377e+09
  6.7632902e+08  2.7295129e+00  3.6734533e+09  5.2424248e+09
  6.7641056e+08  2.7086382e+00  3.6423596e+09  5.1779738e+09
  6.7649216e+08  2.6878572e+00  3.6113572e+09  5.1141596e+09
  6.7657370e+08  2.6672556e+00  3.5813975e+09  5.0506900e+09
  6.7665523e+08  2.6467810e+00  3.5517407e+09  4.9878359e+09
  6.7673683e+08  2.6263375e+00  3.5220867e+09  4.9254134e+09
  6.7681837e+08  2.6058838e+00  3.4920072e+09  4.8635274e+09
  6.7689990e+08  2.5854499e+00  3.4617492e+09  4.8021294e+09
  6.7698150e+08  2.5650740e+00  3.4315354e+09  4.7412204e+09
  6.7706310e+08  2.5447588e+00  3.4013688e+09  4.6808064e+09
  6.7714464e+08  2.5245061e+00  3.3712509e+09  4.6208922e+09
  6.7722618e+08  2.5042982e+00  3.3411540e+09  4.5614259e+09
  6.7730778e+08  2.4841914e+00  3.3111611e+09  4.5025725e+09
  6.7738931e+08  2.4642878e+00  3.2822858e+09  4.4440581e+09
  6.7747091e+08  2.4444733e+00  3.2535555e+09  4.3860864e+09
  6.7755245e+08  2.4246242e+00  3.2243208e+09  4.3286252e+09
  6.7763398e+08  2.4048007e+00  3.1950057e+09  4.2716106e+09
  6.7771558e+08  2.3850346e+00  3.1657449e+09  4.2150843e+09
  6.7779712e+08  2.3653195e+00  3.1365294e+09  4.1590326e+09
  6.7787866e+08  2.3456569e+00  3.1073605e+09  4.1034616e+09
  6.7796026e+08  2.3260374e+00  3.0782236e+09  4.0483492e+09
  6.7804186e+08  2.3064823e+00  3.0491502e+09  3.9937577e+09
  6.7812339e+08  2.2870557e+00  3.0206328e+09  3.9396045e+09
  6.7820493e+08  2.2677248e+00  2.9924982e+09  3.8858842e+09
  6.7828653e+08  2.2483850e+00  2.9639997e+09  3.8326981e+09
  6.7836806e+08  2.2290728e+00  2.9355261e+09  3.7799396e+09
  6.7844966e+08  2.2098119e+00  2.9071060e+09  3.7276582e+09
  6.7853120e+08  2.1905949e+00  2.8787290e+09  3.6758390e+09
  6.7861274e+08  2.1714244e+00  2.8503969e+09  3.6244874e+09
  6.7869434e+08  2.1522920e+00  2.8220946e+09  3.5735775e+09
  6.7877587e+08  2.1332257e+00  2.7938621e+09  3.5231813e+09
  6.7885741e+08  2.1142800e+00  2.7661847e+09  3.4731684e+09
  6.7893901e+08  2.0953929e+00  2.7385167e+09  3.4236733e+09
  6.7902054e+08  2.0765431e+00  2.7108759e+09  3.3746017e+09
  6.7910214e+08  2.0577495e+00  2.6832937e+09  3.3259891e+09
  6.7918368e+08  2.0390103e+00  2.6557668e+09  3.2778335e+09
  6.7926528e+08  2.0203257e+00  2.6282913e+09  3.2301245e+09
  6.7934682e+08  2.0017011e+00  2.6008727e+09  3.1828728e+09
  6.7942842e+08  1.9831250e+00  2.5734920e+09  3.1360448e+09
  6.7950995e+08  1.9646294e+00  2.5462075e+09  3.0897078e+09
  6.7959149e+08  1.9462779e+00  2.5195116e+09  3.0437530e+09
  6.7967309e+08  1.9280020e+00  2.4928781e+09  2.9982892e+09
  6.7975462e+08  1.9097747e+00  2.4662879e+09  2.9532314e+09
  6.7983616e+08  1.8916148e+00  2.4397676e+09  2.9086252e+09
  6.7991776e+08  1.8735143e+00  2.4133025e+09  2.8644467e+09
  6.7999930e+08  1.8554798e+00  2.3869043e+09  2.8207217e+09
  6.8008083e+08  1.8374909e+00  2.3605391e+09  2.7773908e+09
  6.8016243e+08  1.8195680e+00  2.3341837e+09  2.7345426e+09
  6.8024403e+08  1.8017881e+00  2.3083914e+09  2.6920691e+09
  6.8032557e+08  1.7840990e+00  2.2827791e+09  2.6500524e+09
  6.8040717e+08  1.7664599e+00  2.2572155e+09  2.6084447e+09
  6.8048870e+08  1.7488782e+00  2.2317112e+09  2.5672653e+09
  6.8057024e+08  1.7313484e+00  2.2062561e+09  2.5265016e+09
  6.8065184e+08  1.7138789e+00  2.1808627e+09  2.4861752e+09
  6.8073338e+08  1.6964428e+00  2.1554890e+09  2.4462205e+09
  6.8081491e+08  1.6790682e+00  2.1301193e+09  2.4067520e+09
  6.8089651e+08  1.6618508e+00  2.1054227e+09  2.3676209e+09
  6.8097805e+08  1.6447079e+00  2.0808110e+09  2.3289554e+09
  6.8105958e+08  1.6276007e+00  2.0562264e+09  2.2906668e+09
  6.8114118e+08  1.6105492e+00  2.0316963e+09  2.2527985e+09
  6.8122278e+08  1.5935534e+00  2.0072184e+09  2.2153477e+09
  6.8130432e+08  1.5765940e+00  1.9827619e+09  2.1782687e+09
  6.8138592e+08  1.5596942e+00  1.9583057e+09  2.1416451e+09
  6.8146746e+08  1.5429471e+00  1.9344311e+09  2.1053761e+09
  6.8154899e+08  1.5263085e+00  1.9108436e+09  2.0695142e+09
  6.8163059e+08  1.5097287e+00  1.8873105e+09  2.0340657e+09
  6.8171213e+08  1.4931985e+00  1.8638130e+09  1.9989985e+09
  6.8179366e+08  1.4767299e+00  1.8403666e+09  1.9643380e+09
  6.8187526e+08  1.4603040e+00  1.8169425e+09  1.9300420e+09
  6.8195680e+08  1.4439492e+00  1.7935622e+09  1.8961777e+09
  6.8203834e+08  1.4277567e+00  1.7707551e+09  1.8626648e+09
  6.8211994e+08  1.4116882e+00  1.7482898e+09  1.8295418e+09
  6.8220154e+08  1.3956796e+00  1.7258701e+09  1.7968110e+09
  6.8228307e+08  1.3797207e+00  1.7034799e+09  1.7644506e+09
  6.8236467e+08  1.3638215e+00  1.6811306e+09  1.7324762e+09
  6.8244621e+08  1.3479673e+00  1.6588074e+09  1.7008658e+09
  6.8252774e+08  1.3322002e+00  1.6365947e+09  1.6696713e+09
  6.8260934e+08  1.3166203e+00  1.6150894e+09  1.6387916e+09
  6.8269088e+08  1.3011320e+00  1.5937312e+09  1.6083217e+09
  6.8277242e+08  1.2856816e+00  1.5723825e+09  1.5781987e+09
  6.8285402e+08  1.2702838e+00  1.5510610e+09  1.5484497e+09
  6.8293555e+08  1.2549325e+00  1.5297568e+09  1.5190623e+09
  6.8301709e+08  1.2396524e+00  1.5085622e+09  1.4900431e+09
  6.8309869e+08  1.2245073e+00  1.4877454e+09  1.4613914e+09
  6.8318022e+08  1.2095084e+00  1.4674094e+09  1.4330653e+09
  6.8326182e+08  1.1945723e+00  1.4471136e+09  1.4051332e+09
  6.8334342e+08  1.1796685e+00  1.4268111e+09  1.3775286e+09
  6.8342496e+08  1.1648194e+00  1.4065307e+09  1.3502927e+09
  6.8350650e+08  1.1500312e+00  1.3863487e+09  1.3233888e+09
  6.8358810e+08  1.1353631e+00  1.3664209e+09  1.2968698e+09
  6.8366963e+08  1.1208807e+00  1.3471528e+09  1.2706417e+09
  6.8375117e+08  1.1064682e+00  1.3279220e+09  1.2448040e+09
  6.8383277e+08  1.0920805e+00  1.3086659e+09  1.2192731e+09
  6.8391430e+08  1.0777509e+00  1.2894262e+09  1.1941057e+09
  6.8399584e+08  1.0634918e+00  1.2703173e+09  1.1692530e+09
  6.8407744e+08  1.0493605e+00  1.2514772e+09  1.1447743e+09
  6.8415898e+08  1.0354131e+00  1.2332593e+09  1.1205764e+09
  6.8424051e+08  1.0215312e+00  1.2150634e+09  1.0967489e+09
  6.8432218e+08  1.0076772e+00  1.1968383e+09  1.0732260e+09
  6.8440371e+08  9.9387693e-01  1.1786467e+09  1.0500291e+09
  6.8448525e+08  9.8015589e-01  1.1605604e+09  1.0271727e+09
  6.8456685e+08  9.6658975e-01  1.1429057e+09  1.0046295e+09
  6.8464838e+08  9.5316070e-01  1.1256200e+09  9.8239603e+08
  6.8472992e+08  9.3977696e-01  1.1083246e+09  9.6049203e+08
  6.8481152e+08  9.2643529e-01  1.0910130e+09  9.3891040e+08
  6.8489306e+08  9.1313863e-01  1.0737725e+09  9.1760096e+08
  6.8497459e+08  8.9993614e-01  1.0566156e+09  8.9667155e+08
  6.8505619e+08  8.8694626e-01  1.0401969e+09  8.7597619e+08
  6.8513773e+08  8.7402350e-01  1.0237936e+09  8.5564102e+08
  6.8521926e+08  8.6112005e-01  1.0073421e+09  8.3558970e+08
  6.8530086e+08  8.4825659e-01  9.9091622e+08  8.1581907e+08
  6.8538246e+08  8.3546281e-01  9.7450490e+08  7.9640314e+08
  6.8546400e+08  8.2287115e-01  9.5874982e+08  7.7722490e+08
  6.8554560e+08  8.1038737e-01  9.4315942e+08  7.5838637e+08
  6.8562714e+08  7.9792017e-01  9.2751430e+08  7.3981766e+08
  6.8570867e+08  7.8550076e-01  9.1185939e+08  7.2154336e+08
  6.8579027e+08  7.7314037e-01  8.9619763e+08  7.0359187e+08
  6.8587181e+08  7.6098835e-01  8.8116493e+08  6.8587309e+08
  6.8595334e+08  7.4895734e-01  8.6631629e+08  6.6848019e+08
  6.8603494e+08  7.3695433e-01  8.5140838e+08  6.5135808e+08
  6.8611648e+08  7.2497183e-01  8.3642989e+08  6.3449248e+08
  6.8619802e+08  7.1307743e-01  8.2147674e+08  6.1796589e+08
  6.8627962e+08  7.0142025e-01  8.0725754e+08  6.0163584e+08
  6.8636115e+08  6.8985081e-01  7.9307590e+08  5.8563757e+08
  6.8644275e+08  6.7839080e-01  7.7883398e+08  5.6987942e+08
  6.8652435e+08  6.6672891e-01  7.6436954e+08  5.5439885e+08
  6.8660589e+08  6.5533590e-01  7.5029267e+08  5.3920550e+08
  6.8668742e+08  6.4410961e-01  7.3668147e+08  5.2422928e+08
  6.8676902e+08  6.3291365e-01  7.2295117e+08  5.0957168e+08
  6.8685056e+08  6.2168807e-01  7.0909645e+08  4.9511203e+08
  6.8693210e+08  6.1055344e-01  6.9528397e+08  4.8099344e+08
  6.8701370e+08  5.9961826e-01  6.8211725e+08  4.6703878e+08
  6.8709523e+08  5.8873183e-01  6.6887354e+08  4.5341910e+08
  6.8717677e+08  5.7780123e-01  6.5547782e+08  4.3999043e+08
  6.8725837e+08  5.6715757e-01  6.4230726e+08  4.2693830e+08
  6.8733990e+08  5.5626339e-01  6.2923232e+08  4.1394829e+08
  6.8742150e+08  5.4564089e-01  6.1635398e+08  4.0132285e+08
  6.8750310e+08  5.3499007e-01  6.0334995e+08  3.8889782e+08
  6.8758464e+08  5.2442563e-01  5.9039200e+08  3.7677491e+08
  6.8766618e+08  5.1402646e-01  5.7789414e+08  3.6482646e+08
  6.8774778e+08  5.0368017e-01  5.6532614e+08  3.5318432e+08
  6.8782931e+08  4.9332094e-01  5.5268358e+08  3.4172131e+08
  6.8791085e+08  4.8306620e-01  5.4011488e+08  3.3056240e+08
  6.8799245e+08  4.7298288e-01  5.2803277e+08  3.1955939e+08
  6.8807398e+08  4.6542493e-01  5.1763600e+08  3.0894547e+08
  6.8815552e+08  4.5286047e-01  5.0350794e+08  2.9834019e+08
  6.8823712e+08  4.4295141e-01  4.9149379e+08  2.8807094e+08
  6.8831866e+08  4.3314275e-01  4.7965005e+08  2.7802198e+08
  6.8840026e+08  4.2333239e-01  4.6769587e+08  2.6819421e+08
  6.8848179e+08  4.1360715e-01  4.5581293e+08  2.5862117e+08
  6.8856339e+08  4.0405279e-01  4.4436512e+08  2.4921557e+08
  6.8864493e+08  3.9447951e-01  4.3270179e+08  2.4007723e+08
  6.8872653e+08  3.8494852e-01  4.2107338e+08  2.3114520e+08
  6.8880806e+08  3.7559086e-01  4.0983069e+08  2.2241451e+08
  6.8888960e+08  3.6819139e-01  3.9964426e+08  2.1382904e+08
  6.8897120e+08  3.5692659e-01  3.8715878e+08  2.0563789e+08
  6.8905274e+08  3.4777576e-01  3.7615517e+08  1.9756331e+08
  6.8913427e+08  3.3869690e-01  3.6524966e+08  1.8969562e+08
  6.8921587e+08  3.2961363e-01  3.5420413e+08  1.8206253e+08
  6.8929741e+08  3.2070756e-01  3.4352432e+08  1.7462101e+08
  6.8937901e+08  3.1190968e-01  3.3303485e+08  1.6737197e+08
  6.8946054e+08  3.0309346e-01  3.2233728e+08  1.6036952e+08
  6.8954208e+08  2.9445231e-01  3.1201987e+08  1.5352661e+08
  6.8962368e+08  2.8593627e-01  3.0188003e+08  1.4689947e+08
  6.8970528e+08  2.7887172e-01  2.9233814e+08  1.4047293e+08
  6.8978682e+08  2.6908362e-01  2.8172294e+08  1.3423698e+08
  6.8986835e+08  2.6085892e-01  2.7194826e+08  1.2820616e+08
  6.8994995e+08  2.5272998e-01  2.6232038e+08  1.2234930e+08
  6.9003149e+08  2.4469127e-01  2.5278270e+08  1.1669235e+08
  6.9011302e+08  2.3680125e-01  2.4348462e+08  1.1121838e+08
  6.9019462e+08  2.2902472e-01  2.3437208e+08  1.0590786e+08
  6.9027616e+08  2.2132407e-01  2.2528408e+08  1.0080834e+08
  6.9035776e+08  2.1379793e-01  2.1652531e+08  9.5855400e+07
  6.9043930e+08  2.0638411e-01  2.0790197e+08  9.1086912e+07
  6.9052083e+08  2.0075974e-01  2.0003117e+08  8.6530336e+07
  6.9060243e+08  1.9189478e-01  1.9110642e+08  8.2060248e+07
  6.9068403e+08  1.8486091e-01  1.8305538e+08  7.7773944e+07
  6.9076557e+08  1.7792767e-01  1.7509062e+08  7.3674776e+07
  6.9084710e+08  1.7114125e-01  1.6737098e+08  6.9714096e+07
  6.9092870e+08  1.6451988e-01  1.5989482e+08  6.5913980e+07
  6.9101024e+08  1.5797925e-01  1.5249810e+08  6.2268124e+07
  6.9109178e+08  1.5159683e-01  1.4534490e+08  5.8764588e+07
  6.9117338e+08  1.4538158e-01  1.3844850e+08  5.5401972e+07
  6.9125491e+08  1.3926184e-01  1.3164508e+08  5.2192228e+07
  6.9133651e+08  1.3520868e-01  1.2565982e+08  4.9164232e+07
  6.9141805e+08  1.2751168e-01  1.1878848e+08  4.6159836e+07
  6.9149958e+08  1.2182154e-01  1.1259739e+08  4.3347292e+07
  6.9158118e+08  1.1629066e-01  1.0664204e+08  4.0656396e+07
  6.9166278e+08  1.1090874e-01  1.0089341e+08  3.8090268e+07
  6.9174432e+08  1.0565566e-01  9.5306472e+07  3.5649940e+07
  6.9182586e+08  1.0056106e-01  8.9948672e+07  3.3320068e+07
  6.9190746e+08  9.5611840e-02  8.4781696e+07  3.1106624e+07
  6.9198899e+08  9.0797275e-02  7.9783600e+07  2.9007054e+07
  6.9207053e+08  8.6138546e-02  7.5003880e+07  2.7007966e+07
  6.9215213e+08  8.3469823e-02  7.0602832e+07  2.5141104e+07
  6.9223366e+08  7.7244006e-02  6.5971860e+07  2.3329344e+07
  6.9231526e+08  7.3027186e-02  6.1766688e+07  2.1630974e+07
  6.9239680e+08  6.8932347e-02  5.7696764e+07  2.0035262e+07
  6.9247834e+08  6.4983919e-02  5.3820972e+07  1.8524232e+07
  6.9255994e+08  6.1190914e-02  5.0141620e+07  1.7101750e+07
  6.9264147e+08  5.7526417e-02  4.6610528e+07  1.5767503e+07
  6.9272307e+08  5.4010075e-02  4.3272252e+07  1.4507432e+07
  6.9280461e+08  5.0631296e-02  4.0092008e+07  1.3330343e+07
  6.9288621e+08  4.7383945e-02  3.7067468e+07  1.2227199e+07
  6.9296774e+08  4.5712415e-02  3.4106300e+07  1.1183766e+07
  6.9304928e+08  4.1312676e-02  3.1521940e+07  1.0231209e+07
  6.9313088e+08  3.8473394e-02  2.8977898e+07  9.3307950e+06
  6.9321242e+08  3.5772488e-02  2.6588788e+07  8.4949420e+06
  6.9329402e+08  3.3195641e-02  2.4333882e+07  7.7197135e+06
  6.9337555e+08  3.0754955e-02  2.2233702e+07  6.9979890e+06
  6.9345709e+08  2.8433317e-02  2.0255232e+07  6.3327510e+06
  6.9353869e+08  2.6234923e-02  1.8409982e+07  5.7166460e+06
  6.9362022e+08  2.4160743e-02  1.6697122e+07  5.1483845e+06
  6.9370176e+08  2.2198299e-02  1.5098293e+07  4.6266390e+06
  6.9378336e+08  2.1309648e-02  1.3390387e+07  4.1332812e+06
  6.9386496e+08  1.8610660e-02  1.2247090e+07  3.7061405e+06
  6.9394650e+08  1.6978979e-02  1.0984007e+07  3.3031525e+06
  6.9402803e+08  1.5451953e-02  9.8250560e+06  2.9373938e+06
  6.9410963e+08  1.4008272e-02  8.7541690e+06  2.6031758e+06
  6.9419117e+08  1.2661963e-02  7.7819560e+06  2.2990942e+06
  6.9427277e+08  1.1414642e-02  6.8887435e+06  2.0248022e+06
  6.9435430e+08  1.0286354e-02  6.0642060e+06  1.7753874e+06
  6.9443584e+08  9.2867576e-03  5.2952115e+06  1.5491862e+06
  6.9451744e+08  8.3727520e-03  4.5912785e+06  1.3443394e+06
  6.9459898e+08  8.3655408e-03  3.5734258e+06  1.1324668e+06
  6.9468051e+08  6.7064166e-03  3.3585932e+06  9.9150994e+05
  6.9476211e+08  5.9479787e-03  2.8353650e+06  8.4217381e+05
  6.9484371e+08  5.2393014e-03  2.3738130e+06  7.0978644e+05
  6.9492525e+08  4.5806696e-03  1.9703752e+06  5.9399844e+05
  6.9500678e+08  3.9769611e-03  1.6239031e+06  4.9360566e+05
  6.9508838e+08  3.4257884e-03  1.3286581e+06  4.0725447e+05
  6.9516992e+08  2.9248914e-03  1.0783849e+06  3.3315306e+05
  6.9525152e+08  2.4890783e-03  8.7304031e+05  2.7200609e+05
  6.9533306e+08  2.1029119e-03  7.0070938e+05  2.2022305e+05
  6.9541459e+08  1.8747095e-03  4.6363722e+05  1.6319988e+05
  6.9549619e+08  1.4716544e-03  4.3780072e+05  1.4068686e+05
  6.9557773e+08  1.2167606e-03  3.3915359e+05  1.1057771e+05
  6.9565926e+08  9.9723728e-04  2.5856066e+05  8.5738367e+04
  6.9574086e+08  8.0928067e-04  1.9349845e+05  6.5365652e+04
  6.9582240e+08  6.5017759e-04  1.4184558e+05  4.8852129e+04
  6.9590400e+08  5.1696826e-04  1.0222210e+05  3.5670062e+04
  6.9598554e+08  4.1050874e-04  7.3247117e+04  2.5285678e+04
  6.9606714e+08  3.3490846e-04  5.5060508e+04  1.7247934e+04
  6.9614867e+08  2.7952573e-04  4.4906320e+04  1.0205529e+04
  6.9623027e+08  9.3548188e-05  1.5037299e+04  3.2523884e+03
  6.9631181e+08  6.5976739e-05  1.0122372e+04  1.5472084e+03
  6.9639334e+08  2.0145320e-05  3.5551348e+03  1.0564296e+03
  6.9647494e+08  8.9560735e-06  3.3888618e+03  7.0958490e+02
  6.9655648e+08  3.7017182e-06  3.2430291e+03  4.7753329e+02
  6.9663802e+08  1.5109653e-06  1.9359430e+03  5.6884589e+02
  6.9671962e+08  8.1551713e-07  1.2667317e+03  4.5488873e+02
  6.9680115e+08  5.2210595e-07  8.3529169e+02  4.5163632e+02
  6.9688269e+08  3.7676057e-07  6.0794025e+02  4.3424161e+02
  6.9696429e+08  3.0494104e-07  4.9400659e+02  4.1815314e+02
  6.9704582e+08  2.6002004e-07  4.2186417e+02  3.9718704e+02
  6.9712736e+08  2.3868429e-07  3.8777020e+02  3.9238797e+02
  6.9720896e+08  2.2270989e-07  3.6197995e+02  3.8459775e+02
  6.9729050e+08  2.1164055e-07  3.4433240e+02  3.7754233e+02
  6.9737210e+08  2.0354183e-07  3.3122351e+02  3.7179648e+02
  6.9745370e+08  1.9734067e-07  3.2130353e+02  3.6648837e+02
  6.9753530e+08  1.9211802e-07  3.1269952e+02  3.6153632e+02
  6.9761683e+08  1.8734640e-07  3.0511093e+02  3.5652304e+02
  6.9769837e+08  1.8268085e-07  2.9761502e+02  3.5151794e+02
  6.9777997e+08  1.7801116e-07  2.8991895e+02  3.4663904e+02
  6.9786150e+08  1.7535447e-07  2.8568237e+02  3.4768530e+02
  6.9794304e+08  1.6899162e-07  2.7546927e+02  3.3753195e+02
  6.9802464e+08  1.6476081e-07  2.6848105e+02  3.3359229e+02
  6.9810618e+08  1.6084586e-07  2.6219910e+02  3.3006174e+02
  6.9818778e+08  1.5722631e-07  2.5639169e+02  3.2695956e+02
  6.9826931e+08  1.5381225e-07  2.5077823e+02  3.2410016e+02
  6.9835085e+08  1.5058023e-07  2.4543884e+02  3.2139536e+02
  6.9843245e+08  1.4749087e-07  2.4053401e+02  3.1862714e+02
  6.9851398e+08  1.4437961e-07  2.3548535e+02  3.1545224e+02
  6.9859552e+08  1.4126152e-07  2.3031456e+02  3.1192685e+02
  6.9867712e+08  1.3863331e-07  2.2603638e+02  3.1012241e+02
  6.9875866e+08  1.3530796e-07  2.2071277e+02  3.0446237e+02
  6.9884019e+08  1.3243015e-07  2.1599979e+02  3.0046918e+02
  6.9892179e+08  1.2970327e-07  2.1143871e+02  2.9663675e+02
  6.9900333e+08  1.2721748e-07  2.0748192e+02  2.9311630e+02
  6.9908486e+08  1.2493265e-07  2.0380722e+02  2.8995178e+02
  6.9916646e+08  1.2280478e-07  2.0032420e+02  2.8701709e+02
  6.9924800e+08  1.2080794e-07  1.9700560e+02  2.8423453e+02
  6.9932960e+08  1.1894327e-07  1.9395935e+02  2.8157272e+02
  6.9941114e+08  1.1720161e-07  1.9119865e+02  2.7901352e+02
  6.9949267e+08  1.1564667e-07  1.8870337e+02  2.7739804e+02
  6.9957434e+08  1.1390945e-07  1.8586591e+02  2.7389395e+02
  6.9965587e+08  1.1234270e-07  1.8327351e+02  2.7133432e+02
  6.9973747e+08  1.1083349e-07  1.8074213e+02  2.6883710e+02
  6.9981901e+08  1.0939561e-07  1.7846947e+02  2.6637473e+02
  6.9990054e+08  1.0801249e-07  1.7626932e+02  2.6401709e+02
  6.9998214e+08  1.0666761e-07  1.7410802e+02  2.6172861e+02
  7.0006368e+08  1.0535393e-07  1.7197124e+02  2.5950473e+02
  7.0014522e+08  1.0404172e-07  1.6981017e+02  2.5724057e+02
  7.0022682e+08  1.0273344e-07  1.6762863e+02  2.5495763e+02
  7.0030835e+08  1.0084014e-07  1.6460350e+02  2.5040501e+02
  7.0038995e+08  1.0016831e-07  1.6355405e+02  2.5033617e+02
  7.0047149e+08  9.8880243e-08  1.6148726e+02  2.4795567e+02
  7.0055302e+08  9.7580852e-08  1.5937482e+02  2.4550444e+02
  7.0063462e+08  9.6268998e-08  1.5721332e+02  2.4297569e+02
  7.0071616e+08  9.4966346e-08  1.5503836e+02  2.4045682e+02
  7.0079770e+08  9.3701992e-08  1.5302989e+02  2.3798030e+02
  7.0087930e+08  9.2474728e-08  1.5108435e+02  2.3560918e+02
  7.0096083e+08  9.1276782e-08  1.4916270e+02  2.3332983e+02
  7.0104237e+08  9.0105530e-08  1.4726080e+02  2.3113365e+02
  7.0112397e+08  8.8961571e-08  1.4538258e+02  2.2910461e+02
  7.0120550e+08  8.7802391e-08  1.4345052e+02  2.2683130e+02
  7.0128710e+08  8.6669630e-08  1.4165962e+02  2.2465233e+02
  7.0136864e+08  8.5536911e-08  1.3986522e+02  2.2244861e+02
  7.0145018e+08  8.4398515e-08  1.3803813e+02  2.2021561e+02
  7.0153178e+08  8.3265455e-08  1.3619611e+02  2.1800859e+02
  7.0161331e+08  8.2143480e-08  1.3434892e+02  2.1586058e+02
  7.0169498e+08  8.1047837e-08  1.3252559e+02  2.1384373e+02
  7.0177651e+08  7.9994528e-08  1.3087958e+02  2.1195189e+02
  7.0185805e+08  7.8967254e-08  1.2926018e+02  2.1020377e+02
  7.0193965e+08  7.7998727e-08  1.2772296e+02  2.0885522e+02
  7.0202118e+08  7.6934100e-08  1.2599845e+02  2.0691373e+02
  7.0210272e+08  7.5916752e-08  1.2433620e+02  2.0532518e+02
  7.0218432e+08  7.4901273e-08  1.2266624e+02  2.0377788e+02
  7.0226586e+08  7.3889531e-08  1.2109299e+02  2.0220927e+02
  7.0234746e+08  7.2876588e-08  1.1949734e+02  2.0066553e+02
  7.0242899e+08  7.1854451e-08  1.1785471e+02  1.9911082e+02
  7.0251053e+08  7.0827831e-08  1.1617653e+02  1.9755621e+02
  7.0259213e+08  6.9797018e-08  1.1446684e+02  1.9599150e+02
  7.0267366e+08  6.8776679e-08  1.1282175e+02  1.9442780e+02
  7.0275520e+08  6.7720613e-08  1.1114901e+02  1.9271817e+02
  7.0283680e+08  6.6785248e-08  1.0964900e+02  1.9142258e+02
  7.0291834e+08  6.5814262e-08  1.0806335e+02  1.9000464e+02
  7.0299987e+08  6.4860195e-08  1.0647955e+02  1.8863553e+02
  7.0308147e+08  6.3925818e-08  1.0493446e+02  1.8730077e+02
  7.0316301e+08  6.3022647e-08  1.0350600e+02  1.8601158e+02
  7.0324461e+08  6.2143442e-08  1.0209598e+02  1.8478575e+02
  7.0332614e+08  6.1285682e-08  1.0070110e+02  1.8360686e+02
  7.0340768e+08  6.0446347e-08  9.9316727e+01  1.8245705e+02
  7.0348928e+08  5.9622550e-08  9.7939346e+01  1.8131871e+02
  7.0357082e+08  5.8433404e-08  9.6019684e+01  1.7820317e+02
  7.0365235e+08  5.8034921e-08  9.5396355e+01  1.7902434e+02
  7.0373395e+08  5.7264998e-08  9.4155632e+01  1.7787883e+02
  7.0381555e+08  5.6510260e-08  9.2927132e+01  1.7673505e+02
  7.0389715e+08  5.5770354e-08  9.1712494e+01  1.7559032e+02
  7.0397869e+08  5.5047458e-08  9.0510529e+01  1.7446019e+02
  7.0406022e+08  5.4345819e-08  8.9395943e+01  1.7332314e+02
  7.0414182e+08  5.3660155e-08  8.8312340e+01  1.7218428e+02
  7.0422336e+08  5.2988934e-08  8.7238213e+01  1.7104926e+02
  7.0430496e+08  5.2331334e-08  8.6172737e+01  1.6991472e+02
  7.0438650e+08  5.1292943e-08  8.4437851e+01  1.6663821e+02
  7.0446803e+08  5.1057324e-08  8.4088036e+01  1.6764079e+02
  7.0454963e+08  5.0444889e-08  8.3106819e+01  1.6650450e+02
  7.0463117e+08  4.9850009e-08  8.2176201e+01  1.6537177e+02
  7.0471270e+08  4.9268841e-08  8.1256210e+01  1.6424516e+02
  7.0479430e+08  4.8701949e-08  8.0348320e+01  1.6312898e+02
  7.0487584e+08  4.8151261e-08  7.9456444e+01  1.6203537e+02
  7.0495738e+08  4.7616542e-08  7.8580864e+01  1.6096465e+02
  7.0503898e+08  4.7101128e-08  7.7728996e+01  1.5993684e+02
  7.0512051e+08  4.6605653e-08  7.6943970e+01  1.5893024e+02
  7.0520211e+08  4.5796849e-08  7.5637924e+01  1.5609850e+02
  7.0528365e+08  4.5659533e-08  7.5454208e+01  1.5697006e+02
  7.0536518e+08  4.5204700e-08  7.4726868e+01  1.5600841e+02
  7.0544678e+08  4.4761599e-08  7.4011154e+01  1.5505983e+02
  7.0552832e+08  4.4329951e-08  7.3307060e+01  1.5412524e+02
  7.0560986e+08  4.3908869e-08  7.2613472e+01  1.5320209e+02
  7.0569146e+08  4.3498972e-08  7.1931953e+01  1.5229651e+02
  7.0577299e+08  4.3101988e-08  7.1305557e+01  1.5139458e+02
  7.0585466e+08  4.2715111e-08  7.0696869e+01  1.5050444e+02
  7.0593619e+08  4.2335810e-08  7.0091820e+01  1.4962019e+02
  7.0601773e+08  4.1718398e-08  6.9075218e+01  1.4729640e+02
  7.0609933e+08  4.1600316e-08  6.8901848e+01  1.4787451e+02
  7.0618086e+08  4.1243993e-08  6.8317619e+01  1.4701555e+02
  7.0626246e+08  4.0895632e-08  6.7741501e+01  1.4616982e+02
  7.0634400e+08  4.0555165e-08  6.7173653e+01  1.4533820e+02
  7.0642554e+08  4.0223640e-08  6.6616203e+01  1.4452800e+02
  7.0650714e+08  3.9903508e-08  6.6106926e+01  1.4373262e+02
  7.0658867e+08  3.9593449e-08  6.5615471e+01  1.4296404e+02
  7.0667021e+08  3.9291596e-08  6.5133377e+01  1.4221529e+02
  7.0675181e+08  3.8997676e-08  6.4660431e+01  1.4148534e+02
  7.0683334e+08  3.8491553e-08  6.3820461e+01  1.3941980e+02
  7.0691488e+08  3.8430766e-08  6.3738045e+01  1.4006613e+02
  7.0699648e+08  3.8156177e-08  6.3286236e+01  1.3936761e+02
  7.0707802e+08  3.7886135e-08  6.2838528e+01  1.3866862e+02
  7.0715962e+08  3.7619841e-08  6.2393646e+01  1.3796460e+02
  7.0724115e+08  3.7356276e-08  6.1949017e+01  1.3725021e+02
  7.0732269e+08  3.7096303e-08  6.1514355e+01  1.3652559e+02
  7.0740429e+08  3.6841094e-08  6.1108192e+01  1.3578746e+02
  7.0748582e+08  3.6588972e-08  6.0703987e+01  1.3504192e+02
  7.0756736e+08  3.6339859e-08  6.0301674e+01  1.3428903e+02
  7.0764896e+08  3.5910976e-08  5.9594036e+01  1.3238271e+02
  7.0773050e+08  3.5853503e-08  5.9507862e+01  1.3278180e+02
  7.0781203e+08  3.5617656e-08  5.9118935e+01  1.3203783e+02
  7.0789363e+08  3.5387533e-08  5.8736935e+01  1.3130679e+02
  7.0797523e+08  3.5163527e-08  5.8362709e+01  1.3059239e+02
  7.0805683e+08  3.4945973e-08  5.7997009e+01  1.2989793e+02
  7.0813837e+08  3.4735109e-08  5.7640442e+01  1.2922636e+02
  7.0821997e+08  3.4530526e-08  5.7292488e+01  1.2857661e+02
  7.0830150e+08  3.4332611e-08  5.6959137e+01  1.2794920e+02
  7.0838304e+08  3.4141760e-08  5.6654755e+01  1.2733909e+02
  7.0846464e+08  3.3771027e-08  5.6051289e+01  1.2561098e+02
  7.0854618e+08  3.3773077e-08  5.6062099e+01  1.2616532e+02
  7.0862771e+08  3.3593672e-08  5.5771423e+01  1.2559517e+02
  7.0870931e+08  3.3416661e-08  5.5483135e+01  1.2503281e+02
  7.0879085e+08  3.3241403e-08  5.5196236e+01  1.2447593e+02
  7.0887238e+08  3.3067248e-08  5.4909649e+01  1.2392202e+02
  7.0895398e+08  3.2893581e-08  5.4622387e+01  1.2336877e+02
  7.0903552e+08  3.2719903e-08  5.4333614e+01  1.2281445e+02
  7.0911712e+08  3.2545870e-08  5.4042706e+01  1.2225802e+02
  7.0919866e+08  3.2371251e-08  5.3749294e+01  1.2169920e+02
  7.0928019e+08  3.1924223e-08  5.2980640e+01  1.1948604e+02
  7.0936179e+08  3.2020061e-08  5.3154449e+01  1.2057597e+02
  7.0944333e+08  3.1843776e-08  5.2853466e+01  1.2001426e+02
  7.0952486e+08  3.1668225e-08  5.2567932e+01  1.1944970e+02
  7.0960646e+08  3.1493059e-08  5.2287609e+01  1.1888619e+02
  7.0968800e+08  3.1317349e-08  5.2004902e+01  1.1832153e+02
  7.0976954e+08  3.1141180e-08  5.1719891e+01  1.1775555e+02
  7.0985114e+08  3.0964763e-08  5.1432892e+01  1.1718859e+02
  7.0993267e+08  3.0788232e-08  5.1144089e+01  1.1662045e+02
  7.1001427e+08  3.0611794e-08  5.0853802e+01  1.1605125e+02
  7.1009587e+08  3.0253254e-08  5.0251972e+01  1.1436317e+02
  7.1017747e+08  3.0260050e-08  5.0270069e+01  1.1491024e+02
  7.1025901e+08  3.0085310e-08  4.9977562e+01  1.1433988e+02
  7.1034054e+08  2.9911671e-08  4.9685211e+01  1.1377063e+02
  7.1042214e+08  2.9739496e-08  4.9393654e+01  1.1320424e+02
  7.1050368e+08  2.9568605e-08  4.9102592e+01  1.1263934e+02
  7.1058522e+08  2.9399740e-08  4.8814518e+01  1.1208002e+02
  7.1066682e+08  2.9233984e-08  4.8549763e+01  1.1152138e+02
  7.1074835e+08  2.9070028e-08  4.8286434e+01  1.1096908e+02
  7.1082989e+08  2.8907110e-08  4.8023327e+01  1.1041943e+02
  7.1091149e+08  2.8759608e-08  4.7784328e+01  1.0995892e+02
  7.1099302e+08  2.8584353e-08  4.7497814e+01  1.0933356e+02
  7.1107462e+08  2.8424131e-08  4.7234577e+01  1.0879822e+02
  7.1115616e+08  2.8264449e-08  4.6970726e+01  1.0826855e+02
  7.1123770e+08  2.8105116e-08  4.6706028e+01  1.0774473e+02
  7.1131930e+08  2.7946008e-08  4.6440273e+01  1.0722715e+02
  7.1140083e+08  2.7787051e-08  4.6173328e+01  1.0671624e+02
  7.1148237e+08  2.7628170e-08  4.5905060e+01  1.0621203e+02
  7.1156397e+08  2.7469444e-08  4.5635590e+01  1.0571505e+02
  7.1164550e+08  2.7310852e-08  4.5364868e+01  1.0522489e+02
  7.1172704e+08  2.7266976e-08  4.5292511e+01  1.0543822e+02
  7.1180864e+08  2.6996382e-08  4.4849789e+01  1.0425905e+02
  7.1189018e+08  2.6839334e-08  4.4597271e+01  1.0377749e+02
  7.1197171e+08  2.6681390e-08  4.4341824e+01  1.0329121e+02
  7.1205331e+08  2.6522745e-08  4.4083721e+01  1.0279980e+02
  7.1213485e+08  2.6363304e-08  4.3822758e+01  1.0230091e+02
  7.1221651e+08  2.6203200e-08  4.3559090e+01  1.0179385e+02
  7.1229805e+08  2.6042663e-08  4.3293056e+01  1.0127874e+02
  7.1237965e+08  2.5881898e-08  4.3024975e+01  1.0075582e+02
  7.1246118e+08  2.5720830e-08  4.2754669e+01  1.0022384e+02
  7.1254272e+08  2.5657368e-08  4.2649914e+01  1.0028207e+02
  7.1262432e+08  2.5400485e-08  4.2211960e+01  9.9148750e+01
  7.1270586e+08  2.5242597e-08  4.1941967e+01  9.8614746e+01
  7.1278739e+08  2.5087365e-08  4.1684250e+01  9.8084732e+01
  7.1286899e+08  2.4934870e-08  4.1439693e+01  9.7559464e+01
  7.1295053e+08  2.4784411e-08  4.1196960e+01  9.7041893e+01
  7.1303206e+08  2.4635550e-08  4.0955387e+01  9.6529945e+01
  7.1311366e+08  2.4488829e-08  4.0715897e+01  9.6027824e+01
  7.1319520e+08  2.4344390e-08  4.0478783e+01  9.5537048e+01
  7.1327680e+08  2.4202539e-08  4.0244610e+01  9.5060020e+01
  7.1335834e+08  2.4131632e-08  4.0128918e+01  9.5044518e+01
  7.1343987e+08  2.3927955e-08  3.9787640e+01  9.4156494e+01
  7.1352147e+08  2.3796030e-08  3.9566357e+01  9.3734917e+01
  7.1360301e+08  2.3667562e-08  3.9349777e+01  9.3332069e+01
  7.1368454e+08  2.3542285e-08  3.9137516e+01  9.2945412e+01
  7.1376614e+08  2.3419897e-08  3.8929119e+01  9.2572075e+01
  7.1384768e+08  2.3300395e-08  3.8724625e+01  9.2210976e+01
  7.1392922e+08  2.3184077e-08  3.8535900e+01  9.1855469e+01
  7.1401082e+08  2.3070493e-08  3.8354057e+01  9.1506950e+01
  7.1409235e+08  2.2958927e-08  3.8174557e+01  9.1161766e+01
  7.1417395e+08  2.2838762e-08  3.7980206e+01  9.0782448e+01
  7.1425549e+08  2.2742158e-08  3.7823246e+01  9.0479607e+01
  7.1433715e+08  2.2637170e-08  3.7651852e+01  9.0142235e+01
  7.1441869e+08  2.2534701e-08  3.7483791e+01  8.9808067e+01
  7.1450022e+08  2.2434854e-08  3.7319515e+01  8.9477097e+01
  7.1458182e+08  2.2337685e-08  3.7158886e+01  8.9149475e+01
  7.1466336e+08  2.2243206e-08  3.7001980e+01  8.8825035e+01
  7.1474490e+08  2.2151415e-08  3.6848843e+01  8.8503654e+01
  7.1482650e+08  2.2062316e-08  3.6699532e+01  8.8185387e+01
  7.1490803e+08  2.1975893e-08  3.6554058e+01  8.7870247e+01
  7.1498957e+08  2.1786718e-08  3.6229572e+01  8.6862541e+01
  7.1507117e+08  2.1810727e-08  3.6274235e+01  8.7248291e+01
  7.1515270e+08  2.1731720e-08  3.6139523e+01  8.6940613e+01
  7.1523430e+08  2.1654939e-08  3.6008068e+01  8.6634857e+01
  7.1531584e+08  2.1580160e-08  3.5879509e+01  8.6330231e+01
  7.1539738e+08  2.1507587e-08  3.5756699e+01  8.6027275e+01
  7.1547898e+08  2.1437458e-08  3.5643978e+01  8.5725838e+01
  7.1556051e+08  2.1369051e-08  3.5533607e+01  8.5426445e+01
  7.1564205e+08  2.1301872e-08  3.5424816e+01  8.5126823e+01
  7.1572365e+08  2.1235905e-08  3.5317596e+01  8.4827919e+01
  7.1580518e+08  2.1013447e-08  3.4950134e+01  8.3465271e+01
  7.1588672e+08  2.1106386e-08  3.5105984e+01  8.4228630e+01
  7.1596832e+08  2.1042304e-08  3.5000744e+01  8.3927040e+01
  7.1604986e+08  2.0978366e-08  3.4895401e+01  8.3623711e+01
  7.1613146e+08  2.0914360e-08  3.4789734e+01  8.3318359e+01
  7.1621299e+08  2.0850134e-08  3.4683495e+01  8.3011101e+01
  7.1629453e+08  2.0785487e-08  3.4576233e+01  8.2701797e+01
  7.1637619e+08  2.0720217e-08  3.4467613e+01  8.2390152e+01
  7.1645773e+08  2.0654118e-08  3.4357288e+01  8.2075783e+01
  7.1653933e+08  2.0586951e-08  3.4244831e+01  8.1757957e+01
  7.1662086e+08  2.0361718e-08  3.3862408e+01  8.0389549e+01
  7.1670240e+08  2.0448647e-08  3.4012203e+01  8.1110001e+01
  7.1678400e+08  2.0377163e-08  3.3891399e+01  8.0778801e+01
  7.1686554e+08  2.0303933e-08  3.3767227e+01  8.0442162e+01
  7.1694707e+08  2.0228859e-08  3.3639507e+01  8.0099739e+01
  7.1702867e+08  2.0151854e-08  3.3508038e+01  7.9751160e+01
  7.1711021e+08  2.0072944e-08  3.3372829e+01  7.9396690e+01
  7.1719181e+08  1.9992010e-08  3.3233635e+01  7.9035492e+01
  7.1727334e+08  1.9909452e-08  3.3091415e+01  7.8669891e+01
  7.1735488e+08  1.9826006e-08  3.2957348e+01  7.8297806e+01
  7.1743648e+08  1.9639927e-08  3.2654442e+01  7.7254234e+01
  7.1751802e+08  1.9655182e-08  3.2681240e+01  7.7544662e+01
  7.1759955e+08  1.9568075e-08  3.2539574e+01  7.7164536e+01
  7.1768115e+08  1.9480135e-08  3.2395947e+01  7.6783340e+01
  7.1776269e+08  1.9391591e-08  3.2250721e+01  7.6402054e+01
  7.1784422e+08  1.9302632e-08  3.2104179e+01  7.6021317e+01
  7.1792582e+08  1.9213427e-08  3.1956583e+01  7.5641632e+01
  7.1800736e+08  1.9124091e-08  3.1808111e+01  7.5263145e+01
  7.1808896e+08  1.9034704e-08  3.1658888e+01  7.4885704e+01
  7.1817050e+08  1.8945315e-08  3.1508978e+01  7.4509010e+01
  7.1825203e+08  1.8865425e-08  3.1374619e+01  7.4194107e+01
  7.1833363e+08  1.8766711e-08  3.1207373e+01  7.3756332e+01
  7.1841517e+08  1.8677769e-08  3.1056122e+01  7.3380753e+01
  7.1849683e+08  1.8589313e-08  3.0904984e+01  7.3006355e+01
  7.1857837e+08  1.8501417e-08  3.0754099e+01  7.2632988e+01
  7.1865990e+08  1.8414674e-08  3.0604889e+01  7.2263565e+01
  7.1874150e+08  1.8329924e-08  3.0468739e+01  7.1896324e+01
  7.1882304e+08  1.8246951e-08  3.0334837e+01  7.1536255e+01
  7.1890458e+08  1.8165803e-08  3.0203297e+01  7.1183121e+01
  7.1898618e+08  1.8086970e-08  3.0074951e+01  7.0839600e+01
  7.1906771e+08  1.8122728e-08  3.0135595e+01  7.1242088e+01
  7.1914931e+08  1.7936889e-08  2.9829075e+01  7.0183899e+01
  7.1923085e+08  1.7865855e-08  2.9711985e+01  6.9872383e+01
  7.1931238e+08  1.7797618e-08  2.9599070e+01  6.9572281e+01
  7.1939398e+08  1.7732175e-08  2.9490370e+01  6.9283409e+01
  7.1947552e+08  1.7669437e-08  2.9385778e+01  6.9005112e+01
  7.1955706e+08  1.7609386e-08  2.9285315e+01  6.8737312e+01
  7.1963866e+08  1.7552196e-08  2.9189316e+01  6.8481224e+01
  7.1972019e+08  1.7497714e-08  2.9097563e+01  6.8236008e+01
  7.1980173e+08  1.7445570e-08  2.9009470e+01  6.7999512e+01
  7.1988333e+08  1.7508141e-08  2.9117521e+01  6.8526649e+01
  7.1996486e+08  1.7347022e-08  2.8842203e+01  6.7545517e+01
  7.2004646e+08  1.7300339e-08  2.8762609e+01  6.7326912e+01
  7.2012800e+08  1.7255356e-08  2.8685699e+01  6.7114304e+01
  7.2020954e+08  1.7211951e-08  2.8611277e+01  6.6907326e+01
  7.2029114e+08  1.7169796e-08  2.8538807e+01  6.6704453e+01
  7.2037267e+08  1.7128484e-08  2.8467594e+01  6.6503609e+01
  7.2045421e+08  1.7087677e-08  2.8397070e+01  6.6303314e+01
  7.2053581e+08  1.7047290e-08  2.8327101e+01  6.6103676e+01
  7.2061741e+08  1.7007704e-08  2.8261892e+01  6.5905464e+01
  7.2069901e+08  1.6954997e-08  2.8177032e+01  6.5667824e+01
  7.2078054e+08  1.6930864e-08  2.8137714e+01  6.5521355e+01
  7.2086208e+08  1.6892074e-08  2.8074820e+01  6.5327820e+01
  7.2094368e+08  1.6852315e-08  2.8010212e+01  6.5129707e+01
  7.2102522e+08  1.6811256e-08  2.7943342e+01  6.4925621e+01
  7.2110682e+08  1.6768814e-08  2.7874054e+01  6.4715675e+01
  7.2118835e+08  1.6725073e-08  2.7802490e+01  6.4500969e+01
  7.2126989e+08  1.6679987e-08  2.7728550e+01  6.4281670e+01
  7.2135149e+08  1.6633216e-08  2.7651657e+01  6.4055878e+01
  7.2143302e+08  1.6584263e-08  2.7570963e+01  6.3820686e+01
  7.2151456e+08  1.6463662e-08  2.7370230e+01  6.3149483e+01
  7.2159616e+08  1.6478801e-08  2.7396338e+01  6.3315815e+01
  7.2167770e+08  1.6422733e-08  2.7303070e+01  6.3048847e+01
  7.2175923e+08  1.6365231e-08  2.7207111e+01  6.2776974e+01
  7.2184083e+08  1.6306757e-08  2.7109217e+01  6.2502815e+01
  7.2192237e+08  1.6247300e-08  2.7009342e+01  6.2225899e+01
  7.2200397e+08  1.6186698e-08  2.6907185e+01  6.1944740e+01
  7.2208550e+08  1.6125053e-08  2.6802923e+01  6.1659515e+01
  7.2216704e+08  1.6062849e-08  2.6697361e+01  6.1372753e+01
  7.2224864e+08  1.6000621e-08  2.6591370e+01  6.1087288e+01
  7.2233018e+08  1.5897069e-08  2.6413345e+01  6.0528442e+01
  7.2241171e+08  1.5875584e-08  2.6377192e+01  6.0514690e+01
  7.2249331e+08  1.5811365e-08  2.6266523e+01  6.0217495e+01
  7.2257485e+08  1.5745259e-08  2.6153669e+01  5.9906616e+01
  7.2265638e+08  1.5677342e-08  2.6044189e+01  5.9578510e+01
  7.2273805e+08  1.5608174e-08  2.5932190e+01  5.9240906e+01
  7.2281958e+08  1.5537770e-08  2.5817661e+01  5.8893562e+01
  7.2290118e+08  1.5466989e-08  2.5701979e+01  5.8541531e+01
  7.2298272e+08  1.5394850e-08  2.5583517e+01  5.8178284e+01
  7.2306432e+08  1.5319433e-08  2.5459030e+01  5.7791439e+01
  7.2314586e+08  1.5177038e-08  2.5221392e+01  5.6950813e+01
  7.2322739e+08  1.5152535e-08  2.5181181e+01  5.6907894e+01
  7.2330899e+08  1.5059918e-08  2.5025602e+01  5.6404827e+01
  7.2339053e+08  1.4964222e-08  2.4863840e+01  5.5880695e+01
  7.2347206e+08  1.4870388e-08  2.4704248e+01  5.5366558e+01
  7.2355366e+08  1.4781409e-08  2.4552038e+01  5.4881405e+01
  7.2363520e+08  1.4699861e-08  2.4411797e+01  5.4441101e+01
  7.2371674e+08  1.4626253e-08  2.4284607e+01  5.4048733e+01
  7.2379834e+08  1.4558944e-08  2.4169857e+01  5.3692810e+01
  7.2387987e+08  1.4496208e-08  2.4068472e+01  5.3360340e+01
  7.2396147e+08  1.4537202e-08  2.4135386e+01  5.3648651e+01
  7.2404301e+08  1.4381292e-08  2.3881578e+01  5.2759747e+01
  7.2412454e+08  1.4328584e-08  2.3795176e+01  5.2488728e+01
  7.2420614e+08  1.4279491e-08  2.3714470e+01  5.2239704e+01
  7.2428768e+08  1.4236159e-08  2.3643082e+01  5.2025276e+01
  7.2436922e+08  1.4198343e-08  2.3580709e+01  5.1846081e+01
  7.2445082e+08  1.4168386e-08  2.3531290e+01  5.1712490e+01
  7.2453235e+08  1.4143184e-08  2.3489733e+01  5.1607735e+01
  7.2461389e+08  1.4119021e-08  2.3449842e+01  5.1509106e+01
  7.2469549e+08  1.4094664e-08  2.3409554e+01  5.1408752e+01
  7.2477709e+08  1.4158098e-08  2.3516571e+01  5.1851337e+01
  7.2485869e+08  1.4051281e-08  2.3337738e+01  5.1239014e+01
  7.2494022e+08  1.4030535e-08  2.3303337e+01  5.1159409e+01
  7.2502182e+08  1.4006599e-08  2.3263502e+01  5.1060219e+01
  7.2510336e+08  1.3983455e-08  2.3224943e+01  5.0966614e+01
  7.2518490e+08  1.3969325e-08  2.3201590e+01  5.0927181e+01
  7.2526650e+08  1.3947935e-08  2.3165945e+01  5.0847195e+01
  7.2534803e+08  1.3915088e-08  2.3110785e+01  5.0698135e+01
  7.2542957e+08  1.3872318e-08  2.3038612e+01  5.0490723e+01
  7.2551117e+08  1.3842148e-08  2.2987764e+01  5.0359921e+01
  7.2559270e+08  1.3716277e-08  2.2773287e+01  4.9717487e+01
  7.2567424e+08  1.3782442e-08  2.2886992e+01  5.0115551e+01
  7.2575584e+08  1.3722993e-08  2.2785606e+01  4.9820499e+01
  7.2583738e+08  1.3664546e-08  2.2685623e+01  4.9538521e+01
  7.2591898e+08  1.3640618e-08  2.2645113e+01  4.9467876e+01
  7.2600051e+08  1.3601901e-08  2.2578909e+01  4.9311882e+01
  7.2608205e+08  1.3512256e-08  2.2423798e+01  4.8856297e+01
  7.2616365e+08  1.3388583e-08  2.2219542e+01  4.8194408e+01
  7.2624518e+08  1.3300792e-08  2.2076548e+01  4.7752361e+01
  7.2632672e+08  1.3254226e-08  2.2000935e+01  4.7568607e+01
  7.2640832e+08  1.3051415e-08  2.1664997e+01  4.6461258e+01
  7.2648986e+08  1.3014292e-08  2.1603899e+01  4.6337124e+01
  7.2657139e+08  1.2837758e-08  2.1306938e+01  4.5398067e+01
  7.2665299e+08  1.2727922e-08  2.1120560e+01  4.4855785e+01
  7.2673453e+08  1.2613914e-08  2.0923664e+01  4.4286476e+01
  7.2681606e+08  1.1928569e-08  1.9763493e+01  4.0485046e+01
  7.2689773e+08  1.0795108e-08  1.7810911e+01  3.4347641e+01
  7.2697933e+08  9.4270698e-09  1.5500258e+01  2.7350637e+01
  7.2706086e+08  9.0311749e-09  1.4836623e+01  2.5472939e+01
  7.2714240e+08  8.9353858e-09  1.4681778e+01  2.5069168e+01
  7.2722400e+08  8.8723606e-09  1.4579216e+01  2.4829132e+01
  7.2730554e+08  8.8465750e-09  1.4537239e+01  2.4753683e+01
  7.2738707e+08  8.8101686e-09  1.4477669e+01  2.4635948e+01
  7.2746867e+08  8.7746663e-09  1.4419352e+01  2.4521996e+01
  7.2755021e+08  8.7390699e-09  1.4360646e+01  2.4407640e+01
  7.2763174e+08  8.7031777e-09  1.4301216e+01  2.4292799e+01
  7.2771334e+08  8.6663787e-09  1.4240036e+01  2.4175247e+01
  7.2779488e+08  8.6265119e-09  1.4173441e+01  2.4044874e+01
  7.2787642e+08  8.5813046e-09  1.4097503e+01  2.3890533e+01
  7.2795802e+08  8.5333518e-09  1.4016492e+01  2.3723581e+01
  7.2803955e+08  8.5646343e-09  1.4070197e+01  2.3928305e+01
  7.2812115e+08  8.4232203e-09  1.3831087e+01  2.3322605e+01
  7.2820269e+08  8.3568414e-09  1.3724967e+01  2.3066458e+01
  7.2828422e+08  8.2821661e-09  1.3604503e+01  2.2773426e+01
  7.2836582e+08  8.2070732e-09  1.3482299e+01  2.2479788e+01
  7.2844736e+08  8.1420310e-09  1.3375651e+01  2.2234549e+01
  7.2852890e+08  8.0923748e-09  1.3293744e+01  2.2055431e+01
  7.2861050e+08  8.0511988e-09  1.3225542e+01  2.1917059e+01
  7.2869203e+08  8.0129219e-09  1.3161865e+01  2.1791677e+01
  7.2877357e+08  7.9803089e-09  1.3107437e+01  2.1691900e+01
  7.2885517e+08  7.9607245e-09  1.3074887e+01  2.1658895e+01
  7.2893670e+08  7.9299118e-09  1.3023067e+01  2.1556791e+01
  7.2901837e+08  7.9080795e-09  1.2986402e+01  2.1503773e+01
  7.2909990e+08  7.8869755e-09  1.2950873e+01  2.1453482e+01
  7.2918150e+08  7.8658564e-09  1.2915216e+01  2.1402477e+01
  7.2926304e+08  7.8438891e-09  1.2878008e+01  2.1347012e+01
  7.2934458e+08  7.8203763e-09  1.2838036e+01  2.1283941e+01
  7.2942618e+08  7.7951876e-09  1.2796848e+01  2.1211491e+01
  7.2950771e+08  7.7684428e-09  1.2754395e+01  2.1130396e+01
  7.2958925e+08  7.7400797e-09  1.2709187e+01  2.1041311e+01
  7.2967085e+08  7.6711775e-09  1.2598243e+01  2.0773672e+01
  7.2975238e+08  7.6795139e-09  1.2612047e+01  2.0844030e+01
  7.2983392e+08  7.6481355e-09  1.2561405e+01  2.0739683e+01
  7.2991552e+08  7.6163262e-09  1.2509852e+01  2.0632956e+01
  7.2999706e+08  7.5842781e-09  1.2457692e+01  2.0524775e+01
  7.3007866e+08  7.5521651e-09  1.2405209e+01  2.0415985e+01
  7.3016019e+08  7.5201187e-09  1.2352612e+01  2.0307228e+01
  7.3024173e+08  7.4881905e-09  1.2299991e+01  2.0198812e+01
  7.3032333e+08  7.4563431e-09  1.2247282e+01  2.0090630e+01
  7.3040486e+08  7.4244508e-09  1.2194278e+01  1.9982187e+01
  7.3048640e+08  7.4097124e-09  1.2169888e+01  1.9953192e+01
  7.3056800e+08  7.3606028e-09  1.2087490e+01  1.9764969e+01
  7.3064954e+08  7.3290516e-09  1.2034388e+01  1.9657957e+01
  7.3073107e+08  7.2980120e-09  1.1981931e+01  1.9553118e+01
  7.3081267e+08  7.2674951e-09  1.1930147e+01  1.9450466e+01
  7.3089421e+08  7.2373108e-09  1.1878718e+01  1.9349163e+01
  7.3097581e+08  7.2075523e-09  1.1829824e+01  1.9248343e+01
  7.3105734e+08  7.1782780e-09  1.1783238e+01  1.9148581e+01
  7.3113901e+08  7.1493007e-09  1.1736945e+01  1.9050283e+01
  7.3122054e+08  7.1206152e-09  1.1690942e+01  1.8953491e+01
  7.3130208e+08  7.1508981e-09  1.1740058e+01  1.9122252e+01
  7.3138368e+08  7.0643691e-09  1.1600223e+01  1.8765476e+01
  7.3146522e+08  7.0368262e-09  1.1555549e+01  1.8674192e+01
  7.3154675e+08  7.0097514e-09  1.1511468e+01  1.8584967e+01
  7.3162835e+08  6.9832327e-09  1.1468132e+01  1.8498161e+01
  7.3170989e+08  6.9573707e-09  1.1425590e+01  1.8414305e+01
  7.3179142e+08  6.9322610e-09  1.1384140e+01  1.8333776e+01
  7.3187302e+08  6.9080008e-09  1.1343973e+01  1.8257048e+01
  7.3195456e+08  6.8846098e-09  1.1305140e+01  1.8184269e+01
  7.3203616e+08  6.8620749e-09  1.1267630e+01  1.8115404e+01
  7.3211770e+08  6.8074222e-09  1.1175437e+01  1.7907618e+01
  7.3219923e+08  6.8192398e-09  1.1196063e+01  1.7987986e+01
  7.3228083e+08  6.7985697e-09  1.1161395e+01  1.7927803e+01
  7.3236237e+08  6.7780745e-09  1.1126929e+01  1.7868559e+01
  7.3244390e+08  6.7574590e-09  1.1092158e+01  1.7808977e+01
  7.3252550e+08  6.7363968e-09  1.1056519e+01  1.7747646e+01
  7.3260704e+08  6.7145267e-09  1.1019383e+01  1.7683025e+01
  7.3268858e+08  6.6915411e-09  1.0980203e+01  1.7613798e+01
  7.3277018e+08  6.6674701e-09  1.0940742e+01  1.7538969e+01
  7.3285171e+08  6.6423742e-09  1.0900718e+01  1.7459063e+01
  7.3293331e+08  6.5572130e-09  1.0762479e+01  1.7111858e+01
  7.3301485e+08  6.5884729e-09  1.0814196e+01  1.7283726e+01
  7.3309638e+08  6.5598886e-09  1.0768011e+01  1.7189270e+01
  7.3317798e+08  6.5305499e-09  1.0720397e+01  1.7091745e+01
  7.3325958e+08  6.5007959e-09  1.0671896e+01  1.6992605e+01
  7.3334118e+08  6.4709429e-09  1.0623019e+01  1.6893187e+01
  7.3342272e+08  6.4412311e-09  1.0574164e+01  1.6794498e+01
  7.3350426e+08  6.4118431e-09  1.0525636e+01  1.6697287e+01
  7.3358586e+08  6.3829662e-09  1.0477753e+01  1.6602285e+01
  7.3366739e+08  6.3547212e-09  1.0430725e+01  1.6509962e+01
  7.3374893e+08  6.3140879e-09  1.0362322e+01  1.6353981e+01
  7.3383053e+08  6.2999552e-09  1.0338992e+01  1.6332418e+01
  7.3391206e+08  6.2731811e-09  1.0293873e+01  1.6246038e+01
  7.3399366e+08  6.2466499e-09  1.0248983e+01  1.6160543e+01
  7.3407520e+08  6.2202101e-09  1.0204064e+01  1.6075314e+01
  7.3415674e+08  6.1936278e-09  1.0158713e+01  1.5989395e+01
  7.3423834e+08  6.1669070e-09  1.0114573e+01  1.5901805e+01
  7.3431987e+08  6.1398886e-09  1.0071422e+01  1.5811953e+01
  7.3440141e+08  6.1120984e-09  1.0026838e+01  1.5719019e+01
  7.3448301e+08  6.0833782e-09  9.9805517e+00  1.5622485e+01
  7.3456454e+08  5.9974039e-09  9.8396292e+00  1.5267837e+01
  7.3464608e+08  6.0231859e-09  9.8828487e+00  1.5419507e+01
  7.3472768e+08  5.9919074e-09  9.8317127e+00  1.5314261e+01
  7.3480922e+08  5.9601382e-09  9.7795229e+00  1.5208030e+01
  7.3489082e+08  5.9281220e-09  9.7266750e+00  1.5102019e+01
  7.3497235e+08  5.8960969e-09  9.6735611e+00  1.4997382e+01
  7.3505389e+08  5.8643366e-09  9.6205015e+00  1.4895490e+01
  7.3513549e+08  5.8331908e-09  9.5682135e+00  1.4797818e+01
  7.3521702e+08  5.8029817e-09  9.5173159e+00  1.4705734e+01
  7.3529869e+08  5.7738179e-09  9.4680138e+00  1.4619695e+01
  7.3538022e+08  5.7536331e-09  9.4337654e+00  1.4560701e+01
  7.3546176e+08  5.7183338e-09  9.3737707e+00  1.4464319e+01
  7.3554336e+08  5.6920597e-09  9.3318968e+00  1.4393045e+01
  7.3562490e+08  5.6665472e-09  9.2913389e+00  1.4326166e+01
  7.3570643e+08  5.6414868e-09  9.2513771e+00  1.4262328e+01
  7.3578803e+08  5.6168732e-09  9.2120037e+00  1.4201273e+01
  7.3586957e+08  5.5927067e-09  9.1732206e+00  1.4142741e+01
  7.3595117e+08  5.5689222e-09  9.1349173e+00  1.4086176e+01
  7.3603270e+08  5.5455032e-09  9.0970688e+00  1.4031214e+01
  7.3611424e+08  5.5224447e-09  9.0596628e+00  1.3977531e+01
  7.3619584e+08  5.5264047e-09  9.0671463e+00  1.4028060e+01
  7.3627738e+08  5.4772320e-09  8.9858732e+00  1.3872130e+01
  7.3635891e+08  5.4549005e-09  8.9491863e+00  1.3819153e+01
  7.3644051e+08  5.4325668e-09  8.9123182e+00  1.3764925e+01
  7.3652205e+08  5.4100271e-09  8.8749189e+00  1.3708435e+01
  7.3660358e+08  5.3870037e-09  8.8365030e+00  1.3648414e+01
  7.3668518e+08  5.3631917e-09  8.7965345e+00  1.3583529e+01
  7.3676672e+08  5.3383875e-09  8.7546444e+00  1.3512946e+01
  7.3684832e+08  5.3121902e-09  8.7101164e+00  1.3435063e+01
  7.3692986e+08  5.2844662e-09  8.6630583e+00  1.3349216e+01
  7.3701139e+08  5.2804778e-09  8.6570339e+00  1.3350097e+01
  7.3709299e+08  5.2257265e-09  8.5687418e+00  1.3156267e+01
  7.3717453e+08  5.1960303e-09  8.5206404e+00  1.3057149e+01
  7.3725606e+08  5.1666005e-09  8.4727087e+00  1.2958605e+01
  7.3733766e+08  5.1374425e-09  8.4249640e+00  1.2860888e+01
  7.3741926e+08  5.1087703e-09  8.3777723e+00  1.2765118e+01
  7.3750086e+08  5.0808384e-09  8.3315802e+00  1.2672571e+01
  7.3758240e+08  5.0540003e-09  8.2869997e+00  1.2584900e+01
  7.3766394e+08  5.0286668e-09  8.2447586e+00  1.2503971e+01
  7.3774554e+08  5.0051887e-09  8.2054892e+00  1.2431358e+01
  7.3782707e+08  5.0222333e-09  8.2349567e+00  1.2522572e+01
  7.3790867e+08  4.9638813e-09  8.1361761e+00  1.2311921e+01
  7.3799021e+08  4.9448499e-09  8.1041412e+00  1.2260396e+01
  7.3807174e+08  4.9261355e-09  8.0725641e+00  1.2211341e+01
  7.3815334e+08  4.9073621e-09  8.0407982e+00  1.2163297e+01
  7.3823488e+08  4.8884008e-09  8.0089140e+00  1.2115600e+01
  7.3831642e+08  4.8692854e-09  7.9786921e+00  1.2067262e+01
  7.3839802e+08  4.8498161e-09  7.9478126e+00  1.2018773e+01
  7.3847955e+08  4.8297317e-09  7.9158397e+00  1.1969044e+01
  7.3856109e+08  4.8090376e-09  7.8827667e+00  1.1918046e+01
  7.3864269e+08  4.8151767e-09  7.8937998e+00  1.1983535e+01
  7.3872422e+08  4.7660569e-09  7.8136559e+00  1.1812908e+01
  7.3880582e+08  4.7438862e-09  7.7777810e+00  1.1759050e+01
  7.3888736e+08  4.7213948e-09  7.7412276e+00  1.1704717e+01
  7.3896890e+08  4.6986868e-09  7.7041602e+00  1.1650209e+01
  7.3905050e+08  4.6758686e-09  7.6667476e+00  1.1595821e+01
  7.3913203e+08  4.6530388e-09  7.6291475e+00  1.1541812e+01
  7.3921357e+08  4.6302837e-09  7.5915017e+00  1.1488385e+01
  7.3929517e+08  4.6076782e-09  7.5539355e+00  1.1435701e+01
  7.3937670e+08  4.5852917e-09  7.5165648e+00  1.1383887e+01
  7.3945824e+08  4.5797708e-09  7.5082107e+00  1.1409102e+01
  7.3953990e+08  4.5414450e-09  7.4428763e+00  1.1283395e+01
  7.3962144e+08  4.5202442e-09  7.4074502e+00  1.1235206e+01
  7.3970304e+08  4.4998303e-09  7.3752632e+00  1.1188295e+01
  7.3978458e+08  4.4800839e-09  7.3440070e+00  1.1143473e+01
  7.3986618e+08  4.4608024e-09  7.3133593e+00  1.1099792e+01
  7.3994771e+08  4.4420383e-09  7.2834129e+00  1.1057386e+01
  7.4002925e+08  4.4238475e-09  7.2542686e+00  1.1016419e+01
  7.4011085e+08  4.4061816e-09  7.2258525e+00  1.0976636e+01
  7.4019238e+08  4.3889870e-09  7.1980853e+00  1.0937786e+01
  7.4027392e+08  4.3759250e-09  7.1773372e+00  1.0926394e+01
  7.4035552e+08  4.3557966e-09  7.1441684e+00  1.0861955e+01
  7.4043706e+08  4.3396713e-09  7.1178141e+00  1.0824462e+01
  7.4051859e+08  4.3237751e-09  7.0917292e+00  1.0786948e+01
  7.4060019e+08  4.3080526e-09  7.0658226e+00  1.0749233e+01
  7.4068173e+08  4.2924544e-09  7.0400157e+00  1.0711172e+01
  7.4076333e+08  4.2769388e-09  7.0142403e+00  1.0672659e+01
  7.4084486e+08  4.2614730e-09  6.9884448e+00  1.0633636e+01
  7.4092640e+08  4.2460382e-09  6.9625955e+00  1.0594090e+01
  7.4100800e+08  4.2306247e-09  6.9366794e+00  1.0554046e+01
  7.4108954e+08  4.2097508e-09  6.9015031e+00  1.0502817e+01
  7.4117107e+08  4.1998773e-09  6.8846755e+00  1.0472780e+01
  7.4125267e+08  4.1846344e-09  6.8587580e+00  1.0432034e+01
  7.4133421e+08  4.1697099e-09  6.8350611e+00  1.0391049e+01
  7.4141574e+08  4.1551131e-09  6.8118453e+00  1.0351077e+01
  7.4149734e+08  4.1405972e-09  6.7886758e+00  1.0311146e+01
  7.4157888e+08  4.1260595e-09  6.7653880e+00  1.0270861e+01
  7.4166054e+08  4.1115444e-09  6.7420526e+00  1.0230429e+01
  7.4174208e+08  4.0970352e-09  6.7186432e+00  1.0189801e+01
  7.4182368e+08  4.0824930e-09  6.6950951e+00  1.0148836e+01
  7.4190522e+08  4.0583705e-09  6.6557946e+00  1.0078120e+01
  7.4198675e+08  4.0533452e-09  6.6476398e+00  1.0066093e+01
  7.4206835e+08  4.0388106e-09  6.6238489e+00  1.0024628e+01
  7.4214989e+08  4.0243591e-09  6.6001115e+00  9.9833460e+00
  7.4223142e+08  4.0100243e-09  6.5764856e+00  9.9423933e+00
  7.4231302e+08  3.9958139e-09  6.5529847e+00  9.9018087e+00
  7.4239456e+08  3.9817079e-09  6.5295768e+00  9.8615150e+00
  7.4247610e+08  3.9676649e-09  6.5061936e+00  9.8213491e+00
  7.4255770e+08  3.9536356e-09  6.4827523e+00  9.7811174e+00
  7.4263923e+08  3.9395820e-09  6.4591866e+00  9.7406797e+00
  7.4272077e+08  3.9167376e-09  6.4205766e+00  9.6689253e+00
  7.4280237e+08  3.9113326e-09  6.4115624e+00  9.6589413e+00
  7.4288390e+08  3.8971288e-09  6.3874874e+00  9.6176405e+00
  7.4296550e+08  3.8828691e-09  6.3632317e+00  9.5760651e+00
  7.4304704e+08  3.8686396e-09  6.3391604e+00  9.5344372e+00
  7.4312858e+08  3.8546033e-09  6.3168311e+00  9.4925823e+00
  7.4321018e+08  3.8407024e-09  6.2946448e+00  9.4512863e+00
  7.4329171e+08  3.8267540e-09  6.2723041e+00  9.4098024e+00
  7.4337325e+08  3.8127728e-09  6.2498322e+00  9.3681936e+00
  7.4345485e+08  3.7988412e-09  6.2273641e+00  9.3268013e+00
  7.4353638e+08  3.7768824e-09  6.1915431e+00  9.2500801e+00
  7.4361792e+08  3.7711692e-09  6.1825047e+00  9.2447796e+00
  7.4369958e+08  3.7574535e-09  6.1601558e+00  9.2042150e+00
  7.4378112e+08  3.7438235e-09  6.1378698e+00  9.1639395e+00
  7.4386272e+08  3.7302659e-09  6.1156249e+00  9.1238680e+00
  7.4394426e+08  3.7167618e-09  6.0933900e+00  9.0838957e+00
  7.4402586e+08  3.7032963e-09  6.0711393e+00  9.0439291e+00
  7.4410739e+08  3.6898695e-09  6.0488391e+00  9.0039606e+00
  7.4418893e+08  3.6765004e-09  6.0265059e+00  8.9640493e+00
  7.4427053e+08  3.6632242e-09  6.0042472e+00  8.9242744e+00
  7.4435206e+08  3.6401551e-09  5.9648166e+00  8.8378696e+00
  7.4443360e+08  3.6371035e-09  5.9602189e+00  8.8456583e+00
  7.4451520e+08  3.6242900e-09  5.9385056e+00  8.8069105e+00
  7.4459674e+08  3.6116192e-09  5.9169588e+00  8.7684469e+00
  7.4467827e+08  3.5990619e-09  5.8955283e+00  8.7301626e+00
  7.4475987e+08  3.5866021e-09  5.8741894e+00  8.6920252e+00
  7.4484141e+08  3.5743595e-09  5.8538265e+00  8.6541014e+00
  7.4492301e+08  3.5624690e-09  5.8347507e+00  8.6169310e+00
  7.4500454e+08  3.5507786e-09  5.8159418e+00  8.5804882e+00
  7.4508608e+08  3.5390806e-09  5.7970610e+00  8.5440025e+00
  7.4516768e+08  3.5137295e-09  5.7552881e+00  8.4451389e+00
  7.4524922e+08  3.5156624e-09  5.7590966e+00  8.4712095e+00
  7.4533075e+08  3.5039625e-09  5.7400494e+00  8.4351101e+00
  7.4541235e+08  3.4922523e-09  5.7209330e+00  8.3992033e+00
  7.4549389e+08  3.4805421e-09  5.7017646e+00  8.3635616e+00
  7.4557542e+08  3.4688443e-09  5.6825666e+00  8.3282471e+00
  7.4565702e+08  3.4571646e-09  5.6633468e+00  8.2932825e+00
  7.4573856e+08  3.4455021e-09  5.6441035e+00  8.2586508e+00
  7.4582022e+08  3.4338479e-09  5.6248212e+00  8.2242947e+00
  7.4590176e+08  3.4221805e-09  5.6054616e+00  8.1900978e+00
  7.4598336e+08  3.3950514e-09  5.5593834e+00  8.0857763e+00
  7.4606490e+08  3.3986725e-09  5.5662770e+00  8.1215410e+00
  7.4614643e+08  3.3867706e-09  5.5463428e+00  8.0868864e+00
  7.4622803e+08  3.3747614e-09  5.5261612e+00  8.0519180e+00
  7.4630957e+08  3.3626701e-09  5.5057740e+00  8.0167198e+00
  7.4639110e+08  3.3505334e-09  5.4852414e+00  7.9814224e+00
  7.4647270e+08  3.3383727e-09  5.4645991e+00  7.9461055e+00
  7.4655424e+08  3.3261764e-09  5.4438267e+00  7.9107194e+00
  7.4663578e+08  3.3139385e-09  5.4229121e+00  7.8752489e+00
  7.4671738e+08  3.3017775e-09  5.4032040e+00  7.8393946e+00
  7.4679891e+08  3.2797944e-09  5.3673658e+00  7.7565799e+00
  7.4688051e+08  3.2777132e-09  5.3646178e+00  7.7685409e+00
  7.4696205e+08  3.2655956e-09  5.3450875e+00  7.7328982e+00
  7.4704358e+08  3.2535070e-09  5.3255401e+00  7.6974573e+00
  7.4712518e+08  3.2414653e-09  5.3060050e+00  7.6622887e+00
  7.4720672e+08  3.2294420e-09  5.2864347e+00  7.6272812e+00
  7.4728826e+08  3.2174352e-09  5.2668262e+00  7.5924196e+00
  7.4736986e+08  3.2054526e-09  5.2471914e+00  7.5577264e+00
  7.4745139e+08  3.1934981e-09  5.2275372e+00  7.5232081e+00
  7.4753293e+08  3.1815768e-09  5.2078700e+00  7.4888721e+00
  7.4761453e+08  3.1695617e-09  5.1878333e+00  7.4498796e+00
  7.4769606e+08  3.1578393e-09  5.1685119e+00  7.4207430e+00
  7.4777766e+08  3.1460106e-09  5.1487975e+00  7.3868880e+00
  7.4785920e+08  3.1341927e-09  5.1290336e+00  7.3531280e+00
  7.4794086e+08  3.1223577e-09  5.1091714e+00  7.3193750e+00
  7.4802240e+08  3.1104717e-09  5.0891576e+00  7.2855086e+00
  7.4810394e+08  3.0985032e-09  5.0689416e+00  7.2514200e+00
  7.4818554e+08  3.0864364e-09  5.0484858e+00  7.2170787e+00
  7.4826707e+08  3.0742777e-09  5.0277972e+00  7.1825080e+00
  7.4834861e+08  3.0621214e-09  5.0071368e+00  7.1479988e+00
  7.4843021e+08  3.0630531e-09  5.0090299e+00  7.1634407e+00
  7.4851174e+08  3.0382392e-09  4.9690070e+00  7.0791421e+00
  7.4859328e+08  3.0261935e-09  4.9496679e+00  7.0444527e+00
  7.4867488e+08  3.0139649e-09  4.9299598e+00  7.0092096e+00
  7.4875642e+08  3.0016589e-09  4.9100566e+00  6.9739327e+00
  7.4883802e+08  2.9892904e-09  4.8899856e+00  6.9388757e+00
  7.4891955e+08  2.9768117e-09  4.8696752e+00  6.9041376e+00
  7.4900109e+08  2.9641551e-09  4.8490214e+00  6.8698268e+00
  7.4908269e+08  2.9512279e-09  4.8278770e+00  6.8360252e+00
  7.4916422e+08  2.9379259e-09  4.8060756e+00  6.8028002e+00
  7.4924576e+08  2.9450746e-09  4.8186221e+00  6.8471236e+00
  7.4932736e+08  2.9099345e-09  4.7600703e+00  6.7386985e+00
  7.4940890e+08  2.8952729e-09  4.7359076e+00  6.7084551e+00
  7.4949043e+08  2.8803104e-09  4.7112021e+00  6.6799941e+00
  7.4957203e+08  2.8652036e-09  4.6862078e+00  6.6536593e+00
  7.4965357e+08  2.8501332e-09  4.6612167e+00  6.6296296e+00
  7.4973517e+08  2.8354052e-09  4.6367388e+00  6.6083460e+00
  7.4981670e+08  2.8214957e-09  4.6149707e+00  6.5897789e+00
  7.4989824e+08  2.8087301e-09  4.5952296e+00  6.5749869e+00
  7.4997984e+08  2.7972369e-09  4.5774684e+00  6.5637889e+00
  7.5006144e+08  2.8035361e-09  4.5892696e+00  6.6320457e+00
  7.5014304e+08  2.7783249e-09  4.5482574e+00  6.5501289e+00
  7.5022458e+08  2.7708651e-09  4.5367360e+00  6.5463905e+00
  7.5030611e+08  2.7646354e-09  4.5271158e+00  6.5440378e+00
  7.5038771e+08  2.7594964e-09  4.5191841e+00  6.5427003e+00
  7.5046925e+08  2.7552642e-09  4.5126557e+00  6.5420394e+00
  7.5055078e+08  2.7517288e-09  4.5072041e+00  6.5417948e+00
  7.5063238e+08  2.7487159e-09  4.5025611e+00  6.5418291e+00
  7.5071392e+08  2.7460920e-09  4.4985223e+00  6.5421319e+00
  7.5079552e+08  2.7436977e-09  4.4948425e+00  6.5426860e+00
  7.5087706e+08  2.7536504e-09  4.5119414e+00  6.5953751e+00
  7.5095859e+08  2.7391269e-09  4.4878287e+00  6.5443244e+00
  7.5104019e+08  2.7367946e-09  4.4842472e+00  6.5452271e+00
  7.5112173e+08  2.7343503e-09  4.4804821e+00  6.5459208e+00
  7.5120326e+08  2.7318194e-09  4.4765697e+00  6.5463328e+00
  7.5128486e+08  2.7291509e-09  4.4724264e+00  6.5463181e+00
  7.5136640e+08  2.7262721e-09  4.4679356e+00  6.5458207e+00
  7.5144794e+08  2.7233036e-09  4.4632926e+00  6.5450807e+00
  7.5152954e+08  2.7203320e-09  4.4586396e+00  6.5443597e+00
  7.5161107e+08  2.7173572e-09  4.4539814e+00  6.5437713e+00
  7.5169267e+08  2.7149865e-09  4.4505711e+00  6.5525193e+00
  7.5177421e+08  2.7113187e-09  4.4445219e+00  6.5429316e+00
  7.5185574e+08  2.7081666e-09  4.4395723e+00  6.5423865e+00
  7.5193734e+08  2.7048828e-09  4.4344025e+00  6.5416141e+00
  7.5201888e+08  2.7014704e-09  4.4290156e+00  6.5405679e+00
  7.5210042e+08  2.6979581e-09  4.4234576e+00  6.5392814e+00
  7.5218208e+08  2.6943836e-09  4.4177899e+00  6.5378699e+00
  7.5226362e+08  2.6907812e-09  4.4120693e+00  6.5364251e+00
  7.5234522e+08  2.6871707e-09  4.4063296e+00  6.5350060e+00
  7.5242675e+08  2.6835543e-09  4.4005742e+00  6.5336242e+00
  7.5250829e+08  2.6718163e-09  4.3809643e+00  6.5027170e+00
  7.5258989e+08  2.6762363e-09  4.3889012e+00  6.5307488e+00
  7.5267142e+08  2.6724802e-09  4.3827901e+00  6.5291252e+00
  7.5275302e+08  2.6686628e-09  4.3765512e+00  6.5273681e+00
  7.5283456e+08  2.6648119e-09  4.3702483e+00  6.5255904e+00
  7.5291610e+08  2.6609406e-09  4.3639030e+00  6.5238633e+00
  7.5299770e+08  2.6570337e-09  4.3574910e+00  6.5221491e+00
  7.5307923e+08  2.6530609e-09  4.3509603e+00  6.5203528e+00
  7.5316077e+08  2.6490328e-09  4.3443274e+00  6.5185447e+00
  7.5324237e+08  2.6450091e-09  4.3376989e+00  6.5170784e+00
  7.5332390e+08  2.6302249e-09  4.3125496e+00  6.4715133e+00
  7.5340544e+08  2.6369822e-09  4.3244700e+00  6.5156837e+00
  7.5348704e+08  2.6328331e-09  4.3176231e+00  6.5154099e+00
  7.5356858e+08  2.6285194e-09  4.3104930e+00  6.5151176e+00
  7.5365018e+08  2.6239682e-09  4.3029494e+00  6.5143762e+00
  7.5373171e+08  2.6189162e-09  4.2947335e+00  6.5119309e+00
  7.5381325e+08  2.6127474e-09  4.2851362e+00  6.5052452e+00
  7.5389485e+08  2.6042797e-09  4.2718182e+00  6.4899383e+00
  7.5397638e+08  2.5932840e-09  4.2543769e+00  6.4652276e+00
  7.5405792e+08  2.5813325e-09  4.2353001e+00  6.4362345e+00
  7.5413952e+08  2.5607747e-09  4.2019625e+00  6.3676543e+00
  7.5422112e+08  2.5567661e-09  4.1958098e+00  6.3762503e+00
  7.5430272e+08  2.5443758e-09  4.1757526e+00  6.3460674e+00
  7.5438426e+08  2.5315892e-09  4.1549449e+00  6.3143411e+00
  7.5446579e+08  2.5182287e-09  4.1330771e+00  6.2802572e+00
  7.5454739e+08  2.5043998e-09  4.1103106e+00  6.2441893e+00
  7.5462893e+08  2.4904581e-09  4.0872297e+00  6.2075777e+00
  7.5471053e+08  2.4768374e-09  4.0645652e+00  6.1722374e+00
  7.5479206e+08  2.4638471e-09  4.0428538e+00  6.1395192e+00
  7.5487360e+08  2.4515114e-09  4.0221524e+00  6.1096001e+00
  7.5495520e+08  2.4339184e-09  3.9922109e+00  6.0525274e+00
  7.5503674e+08  2.4273759e-09  3.9813721e+00  6.0522790e+00
  7.5511827e+08  2.4147624e-09  3.9610100e+00  6.0204506e+00
  7.5519987e+08  2.4016500e-09  3.9401555e+00  5.9856801e+00
  7.5528141e+08  2.3881968e-09  3.9186184e+00  5.9484954e+00
  7.5536294e+08  2.3749231e-09  3.8972359e+00  5.9107156e+00
  7.5544454e+08  2.3624760e-09  3.8770719e+00  5.8748350e+00
  7.5552608e+08  2.3511000e-09  3.8585503e+00  5.8418794e+00
  7.5560762e+08  2.3405902e-09  3.8413587e+00  5.8112111e+00
  7.5568922e+08  2.3304070e-09  3.8246212e+00  5.7809529e+00
  7.5577075e+08  2.3130231e-09  3.7957134e+00  5.7187486e+00
  7.5585235e+08  2.3087845e-09  3.7888031e+00  5.7140570e+00
  7.5593389e+08  2.2970872e-09  3.7692780e+00  5.6770005e+00
  7.5601542e+08  2.2853173e-09  3.7495372e+00  5.6398945e+00
  7.5609702e+08  2.2739772e-09  3.7304368e+00  5.6048894e+00
  7.5617856e+08  2.2631872e-09  3.7121930e+00  5.5725498e+00
  7.5626010e+08  2.2525113e-09  3.6940687e+00  5.5411439e+00
  7.5634176e+08  2.2412630e-09  3.6749749e+00  5.5078444e+00
  7.5642330e+08  2.2291040e-09  3.6556218e+00  5.4703832e+00
  7.5650490e+08  2.2162192e-09  3.6349957e+00  5.4302649e+00
  7.5658643e+08  2.2014350e-09  3.6111100e+00  5.3793607e+00
  7.5666803e+08  2.1910069e-09  3.5943105e+00  5.3524141e+00
  7.5674957e+08  2.1799593e-09  3.5763326e+00  5.3194990e+00
  7.5683110e+08  2.1695197e-09  3.5592003e+00  5.2887354e+00
  7.5691270e+08  2.1586317e-09  3.5412273e+00  5.2559619e+00
  7.5699424e+08  2.1466933e-09  3.5213916e+00  5.2190785e+00
  7.5707578e+08  2.1340985e-09  3.5003502e+00  5.1800685e+00
  7.5715738e+08  2.1218702e-09  3.4798470e+00  5.1433578e+00
  7.5723891e+08  2.1106088e-09  3.4609306e+00  5.1115260e+00
  7.5732045e+08  2.0997353e-09  3.4426243e+00  5.0823107e+00
  7.5740205e+08  2.0939046e-09  3.4326551e+00  5.0630584e+00
  7.5748358e+08  2.0742070e-09  3.3992288e+00  5.0118084e+00
  7.5756512e+08  2.0596460e-09  3.3759084e+00  4.9695315e+00
  7.5764672e+08  2.0458555e-09  3.3537731e+00  4.9309702e+00
  7.5772826e+08  2.0334678e-09  3.3338439e+00  4.8986483e+00
  7.5780986e+08  2.0214215e-09  3.3143909e+00  4.8683662e+00
  7.5789139e+08  2.0079509e-09  3.2924650e+00  4.8331938e+00
  7.5797293e+08  1.9927631e-09  3.2675235e+00  4.7919049e+00
  7.5805453e+08  1.9780693e-09  3.2432580e+00  4.7530909e+00
  7.5813606e+08  1.9657278e-09  3.2228668e+00  4.7243023e+00
  7.5821760e+08  1.9664741e-09  3.2240479e+00  4.7243032e+00
  7.5829920e+08  1.9423094e-09  3.1839187e+00  4.6722689e+00
  7.5838074e+08  1.9266908e-09  3.1575067e+00  4.6317916e+00
  7.5846240e+08  1.9107174e-09  3.1311746e+00  4.5897470e+00
  7.5854394e+08  1.8983868e-09  3.1116245e+00  4.5610666e+00
  7.5862547e+08  1.8878934e-09  3.0949633e+00  4.5389171e+00
  7.5870707e+08  1.8749584e-09  3.0741479e+00  4.5067291e+00
  7.5878861e+08  1.8566182e-09  3.0441883e+00  4.4544501e+00
  7.5887021e+08  1.8392066e-09  3.0154886e+00  4.4048629e+00
  7.5895174e+08  1.8309011e-09  3.0020430e+00  4.3918157e+00
  7.5903328e+08  1.8297488e-09  2.9999897e+00  4.3841944e+00
  7.5911488e+08  1.7892633e-09  2.9318130e+00  4.2654862e+00
  7.5919642e+08  1.7204357e-09  2.8176115e+00  4.0149164e+00
  7.5927795e+08  1.5344460e-09  2.5049856e+00  3.3169174e+00
  7.5935955e+08  1.0225921e-09  1.6657515e+00  1.6149138e+00
  7.5944109e+08  7.8993379e-10  1.2821032e+00  9.4277632e-01
  7.5952262e+08  7.7037804e-10  1.2499921e+00  9.0051740e-01
  7.5960422e+08  7.6321799e-10  1.2380933e+00  8.8718981e-01
  7.5968576e+08  7.5711876e-10  1.2278730e+00  8.7609005e-01
  7.5976736e+08  7.5098433e-10  1.2176799e+00  8.6490554e-01
  7.5984890e+08  7.5039691e-10  1.2167686e+00  8.6483449e-01
  7.5993043e+08  7.3998874e-10  1.2002823e+00  8.4447634e-01
  7.6001203e+08  7.3506135e-10  1.1924050e+00  8.3546776e-01
  7.6009357e+08  7.3039358e-10  1.1848953e+00  8.2701409e-01
  7.6017510e+08  7.2596523e-10  1.1777278e+00  8.1906825e-01
  7.6025670e+08  7.2172779e-10  1.1708297e+00  8.1153202e-01
  7.6033824e+08  7.1760831e-10  1.1640838e+00  8.0426520e-01
  7.6041978e+08  7.1352596e-10  1.1573609e+00  7.9711431e-01
  7.6050138e+08  7.0939610e-10  1.1505218e+00  7.8992289e-01
  7.6058298e+08  7.0513112e-10  1.1434182e+00  7.8253382e-01
  7.6066458e+08  7.0010137e-10  1.1349890e+00  7.7402753e-01
  7.6074611e+08  6.9591521e-10  1.1279520e+00  7.6666516e-01
  7.6082771e+08  6.9112582e-10  1.1203864e+00  7.5813603e-01
  7.6090925e+08  6.8646472e-10  1.1130060e+00  7.4988961e-01
  7.6099078e+08  6.8195294e-10  1.1058159e+00  7.4198097e-01
  7.6107238e+08  6.7755845e-10  1.0987686e+00  7.3434544e-01
  7.6115392e+08  6.7328898e-10  1.0918792e+00  7.2699106e-01
  7.6123546e+08  6.6913786e-10  1.0851266e+00  7.1991062e-01
  7.6131706e+08  6.6504052e-10  1.0784153e+00  7.1298140e-01
  7.6139859e+08  6.6089845e-10  1.0715908e+00  7.0602590e-01
  7.6148013e+08  6.5256117e-10  1.0577186e+00  6.9161004e-01
  7.6156173e+08  6.5212319e-10  1.0569967e+00  6.9142765e-01
  7.6164326e+08  6.4733180e-10  1.0489485e+00  6.8352467e-01
  7.6172486e+08  6.4225947e-10  1.0405389e+00  6.7509830e-01
  7.6180640e+08  6.3700495e-10  1.0322297e+00  6.6612762e-01
  7.6188794e+08  6.3151623e-10  1.0234803e+00  6.5683669e-01
  7.6196954e+08  6.2560496e-10  1.0139697e+00  6.4692032e-01
  7.6205107e+08  6.1904004e-10  1.0032777e+00  6.3602102e-01
  7.6213261e+08  6.1165817e-10  9.9112695e-01  6.2388819e-01
  7.6221421e+08  6.0353017e-10  9.7758782e-01  6.1070091e-01
  7.6229574e+08  5.9269528e-10  9.5958275e-01  5.9270746e-01
  7.6237728e+08  5.8697286e-10  9.5050043e-01  5.8383334e-01
  7.6245888e+08  5.7876093e-10  9.3727702e-01  5.7054782e-01
  7.6254042e+08  5.7052846e-10  9.2384237e-01  5.5746216e-01
  7.6262208e+08  5.6265576e-10  9.1082662e-01  5.4518282e-01
  7.6270362e+08  5.5536004e-10  8.9861375e-01  5.3402203e-01
  7.6278522e+08  5.4899357e-10  8.8804144e-01  5.2433866e-01
  7.6286675e+08  5.4383598e-10  8.7982857e-01  5.1636821e-01
  7.6294829e+08  5.3949534e-10  8.7285584e-01  5.0978535e-01
  7.6302989e+08  5.3546334e-10  8.6633492e-01  5.0375265e-01
  7.6311142e+08  5.3012167e-10  8.5760671e-01  4.9537227e-01
  7.6319296e+08  5.2710375e-10  8.5267270e-01  4.9141392e-01
  7.6327456e+08  5.2257415e-10  8.4518719e-01  4.8481113e-01
  7.6335610e+08  5.1779203e-10  8.3722013e-01  4.7790623e-01
  7.6343763e+08  5.1277516e-10  8.2878953e-01  4.7073936e-01
  7.6351923e+08  5.0768678e-10  8.2033914e-01  4.6344399e-01
  7.6360077e+08  5.0282634e-10  8.1255257e-01  4.5634061e-01
  7.6368237e+08  4.9830651e-10  8.0525476e-01  4.4983172e-01
  7.6376390e+08  4.9395332e-10  7.9817253e-01  4.4364396e-01
  7.6384544e+08  4.8954235e-10  7.9094070e-01  4.3744063e-01
  7.6392704e+08  4.8534349e-10  7.8398305e-01  4.3127012e-01
  7.6400858e+08  4.8008275e-10  7.7523649e-01  4.2433411e-01
  7.6409011e+08  4.7494197e-10  7.6658696e-01  4.1732654e-01
  7.6417171e+08  4.6963944e-10  7.5773114e-01  4.1009521e-01
  7.6425325e+08  4.6448581e-10  7.4946731e-01  4.0289712e-01
  7.6433478e+08  4.5963403e-10  7.4161673e-01  3.9623600e-01
  7.6441638e+08  4.5491991e-10  7.3392147e-01  3.8986814e-01
  7.6449792e+08  4.5011234e-10  7.2600275e-01  3.8346803e-01
  7.6457952e+08  4.4507215e-10  7.1762151e-01  3.7685221e-01
  7.6466106e+08  4.3972623e-10  7.0864916e-01  3.6993131e-01
  7.6474272e+08  4.3573015e-10  7.0187187e-01  3.6444566e-01
  7.6482426e+08  4.2874490e-10  6.9076121e-01  3.5552379e-01
  7.6490579e+08  4.2357109e-10  6.8241137e-01  3.4879082e-01
  7.6498739e+08  4.1847745e-10  6.7410272e-01  3.4227881e-01
  7.6506893e+08  4.1323431e-10  6.6545510e-01  3.3568069e-01
  7.6515046e+08  4.0774439e-10  6.5631115e-01  3.2887146e-01
  7.6523206e+08  4.0202122e-10  6.4679909e-01  3.2180709e-01
  7.6531360e+08  3.9645234e-10  6.3796276e-01  3.1474251e-01
  7.6539514e+08  3.9081988e-10  6.2891084e-01  3.0775034e-01
  7.6547674e+08  3.8630196e-10  6.2156385e-01  3.0224356e-01
  7.6555827e+08  3.8252448e-10  6.1532050e-01  2.9687893e-01
